28085 817
2152 61
8025 26425
2245 11391
24845 24844
24238 15712
27048 27221
6003 5388
221 382
20614 20613
24846 10854
21213 21476
22804 26843
17348 9300
24846 24845
16420 16417
24846 2708
5180 76
24281 25463
22817 20375
27207 23705
24350 24349
760 1706
5962 2601
23981 11296
11213 756
16986 16001
12376 12259
17501 16196
6757 17348
1584 1585
27223 27221
230 23857
14178 12998
11862 11656
7769 6981
3117 12380
56 1198
27021 11294
26974 15810
22804 26820
22482 20780
24349 24254
17597 22203
24843 24268
24268 2708
3179 11137
21496 20856
20780 22483
7769 1095
11496 11391
20856 21947
16001 16419
6797 6003
11062 10781
24901 22817
2421 4423
24229 24719
22578 22577
10203 17066
542 831
490 11230
23987 11218
27428 25272
11483 11484
24800 2708
24413 24414
24574 26973
24225 24223
24273 24272
16420 8396
24845 24843
27048 27220
8497 11345
12822 26843
25013 22203
9395 16367
20614 20612
21562 10161
12575 2632
22068 22227
24847 24800
9589 9300
5062 12781
26957 26958
3207 13055
5962 2600
6811 15970
11062 11041
16361 16195
11201 11217
2086 12497
12235 12237
27223 27220
18111 2389
17243 20375
30 641
6828 15924
16492 6811
24114 13257
2602 2601
2632 539
12766 13962
1516 79
25013 17597
20117 26958
8189 8191
16001 16418
2230 2231
22049 22047
944 1192
27219 27218
2152 3056
17501 17502
10508 1455
24846 24268
26365 26650
27257 27339
8730 26966
20613 20611
20661 20660
14078 23989
23987 11217
24232 24463
16001 20960
27219 27074
21922 27729
27019 19312
21057 756
27222 27219
1648 8730
27319 27170
11485 11483
11949 26930
21068 21029
24412 14078
27048 27219
5865 1700
10949 5865
22577 20764
21497 21947
9395 16613
7862 7782
9589 8643
14178 14007
961 7436
10949 1700
26968 26966
7357 6990
24133 24062
1095 6981
2362 2601
20764 20482
27441 1095
10854 24844
7769 756
27302 27723
20669 20668
27329 4709
629 4576
27157 21325
27302 21325
5871 19526
24229 24151
26773 27257
27223 27048
16195 6951
1411 2253
21247 21246
20649 20546
24151 24231
19564 93
27171 25936
24800 24268
9937 19426
65 4539
5953 4279
26812 10471
16657 24908
2602 2600
27329 4165
10501 10041
10215 8790
24254 1069
4573 1454
950 93
6679 5847
93 948
26365 26649
2754 4539
20613 20610
25074 26736
12883 1152
3566 7581
13055 13016
17348 9414
26922 27195
1584 19819
27222 27218
7415 7703
60 1957
949 19564
11041 11213
21497 10161
3179 21302
5842 6173
24901 17243
13519 11713
15607 22227
27222 27074
24844 2708
25074 18882
11215 26808
2151 2152
24271 24413
5937 6270
11862 12237
1484 6774
24379 24373
19145 1928
20479 20480
6905 16524
17313 15948
17608 7634
7424 27288
14078 24383
16421 16418
2362 2600
23983 23982
10854 24843
26649 26650
27724 27195
24845 24800
17243 22817
24054 24298
19819 1585
21401 20629
17608 8649
26243 26245
11041 10781
7415 5492
27302 26922
2004 11406
27757 23045
16001 8396
21888 26930
20512 11109
26957 20117
16970 6811
5960 5979
4134 24271
18639 11105
19707 2733
12650 12930
22483 20436
13495 855
6757 9414
439 1041
20612 20613
20757 15607
24238 4857
13032 2680
1922 9507
22154 20373
26500 7054
3207 12989
16361 16273
11930 11859
27654 27723
1578 1579
27724 27302
56 2151
2944 1095
24151 24719
27654 21325
25407 25425
24574 26808
24031 23491
18639 25635
7634 8649
16001 16195
11203 11350
11138 19363
19937 2004
12855 4709
24847 24846
24230 24231
6797 5388
26772 11179
9589 17348
21446 27339
7042 7043
16421 16417
23983 23981
22442 4044
5905 5904
27221 27220
26686 7054
21401 21922
12855 26958
20486 17076
11056 11043
1957 2379
8836 16198
27723 21325
949 948
21922 21800
16001 16361
20402 20734
2600 2601
1721 3060
8023 11201
6950 11291
14908 14227
16535 7264
12377 14227
17502 9426
10501 8053
20575 11137
11861 11830
1283 8328
11218 11217
27157 27195
20661 21259
17501 8396
5891 5888
21562 20855
15607 22068
22804 15628
1722 1721
24844 24268
27759 27757
19703 19704
4090 14593
5960 5978
17501 3566
14451 24433
24271 24272
26575 7218
2997 4929
1585 4043
3117 3762
1455 806
24350 24254
2004 756
21640 20407
456 2004
24846 24844
21401 21800
8497 11390
24847 10854
21496 20887
16388 15947
9885 17081
24226 24223
11494 19378
16421 8396
24847 24845
19820 16056
27654 26922
24847 2708
20054 11137
20612 20742
11960 12069
12998 14007
11781 12512
21922 25937
20495 20669
25438 15980
4709 4165
27661 11105
27157 27302
9589 6757
3298 9858
4849 16748
18195 19528
19564 948
26793 27016
24084 79
11301 2090
26491 7955
17479 21832
27339 24142
26245 26244
16492 16970
20960 16195
11327 26808
11107 1568
21627 21622
21057 20575
11350 4044
12822 15628
24092 24093
11494 24068
16062 9779
11192 11191
27220 27219
24230 24719
7955 1095
7416 16242
4592 19952
11345 267
4210 13867
21401 25937
24476 24231
24273 24271
542 30
9414 17453
3298 6811
17348 17453
24231 4312
20614 20611
20672 21901
11041 2363
267 11211
18612 14078
24846 24843
5953 299
21297 21562
14908 19563
24350 1069
24328 6981
11293 11214
1700 6216
11949 22383
27163 11273
24084 1516
18639 27021
27669 25463
27157 19937
4878 17165
23981 23982
7510 16671
11758 12073
27223 27219
11413 17677
20757 22227
20495 20668
6351 19952
17313 24908
26820 26843
24225 24226
22483 22482
26930 22383
23346 23345
3117 11578
27669 24281
2941 1153
16001 16417
21899 21900
20340 20339
2245 11496
11212 11230
25937 21800
16001 16273
11192 11190
27220 27218
24800 24843
2047 13246
12092 12093
61 2600
11273 26966
6620 6480
27724 27654
24847 24268
1957 3666
16897 1283
22804 12822
23373 6981
12899 14144
2601 61
26736 18882
294 6990
12855 20117
27220 27074
27048 27218
23152 3742
8487 16226
6757 17453
20614 20610
1648 26966
27654 27302
27048 27074
17479 9506
3056 61
16419 16418
24433 24124
22578 20764
19820 19819
11380 20752
6811 8649
16196 9426
8396 9426
27442 17597
25635 11105
27912 15924
27441 7955
2708 5915
19937 756
27223 27218
20764 7438
23345 17476
20759 11301
11406 756
60 2379
19196 1008
24845 10854
6345 2600
27661 11350
2918 913
24476 4312
21297 20855
24230 24151
27048 27222
27223 27074
24845 2708
11212 756
27428 20529
634 4811
1920 853
2363 11213
26845 7803
25423 17597
16367 16613
11213 11212
10508 806
27157 2004
21888 22383
9589 9414
11327 11215
14912 11646
7766 15288
26835 26808
26922 27212
20757 22068
11214 11292
3207 13016
26820 17559
3666 4423
7416 7703
20687 20688
24574 26835
14451 24124
16419 16417
27157 27654
22068 27157
26468 3894
294 7357
11193 11192
1411 3060
23987 11201
7128 3894
7769 27339
4487 2603
21213 22069
1007 1008
27222 27221
19863 19864
26243 26244
16658 9739
27257 21446
24846 24800
4490 1790
1708 3279
3566 9426
1589 27759
24328 23373
4134 24414
27302 27195
11433 22442
6090 517
59 1470
9773 8564
16242 7703
9858 6811
27428 25223
9661 9662
20661 21286
1722 3060
11190 11191
20856 20887
18214 20135
4043 19820
11293 11292
13014 13013
15965 6811
12513 13643
9300 9414
26491 1095
27442 25013
54 1076
24844 24843
25664 25665
20886 11344
26922 27723
27441 26491
11862 12235
294 16625
24845 24268
26922 21325
27912 6828
22049 22048
24471 24472
6351 4592
3060 2253
3566 16196
4709 26958
11193 11191
24490 24067
27221 27219
15901 17222
24701 12996
12855 26957
6874 6875
26820 12822
18511 10312
22442 27339
21481 21730
1589 23045
16625 16624
27222 27220
11485 11484
20646 20645
8396 16419
21496 21947
26968 8730
27724 27723
27157 11406
19820 1584
6036 6031
27724 21325
8023 11218
23987 8023
4134 24413
5219 5220
6757 9300
19145 21425
10854 24800
18421 853
6811 9518
27257 22442
24412 18612
490 11180
20661 20629
18772 11218
7196 5972
16273 16195
17502 8396
16421 16420
4043 19819
16492 8487
27157 27724
20855 10161
19937 11406
10854 2708
20612 20611
8836 3113
27218 27074
5962 61
18772 24162
24231 24719
11070 11484
11485 11070
456 453
12073 13065
11390 11345
949 93
16417 16418
24847 24844
21057 24142
12513 13754
24230 24229
294 16624
14362 8836
26835 11215
21314 20366
24349 1069
20054 3179
26500 26686
4709 26957
27654 27195
11193 11190
9518 16001
27221 27218
2362 5962
262 1719
24574 11215
4493 19196
26835 11327
15628 26843
27221 27074
8396 16418
26968 1648
230 231
3666 2421
16420 16419
7769 24142
1589 27757
8023 11217
27442 22203
24574 11327
2944 7769
52 53
24271 24414
27724 26922
21057 7769
12513 11781
3117 14094
27723 27195
7264 16534
10041 8053
16421 16419
27157 27723
16421 16001
4493 1008
10231 5041
20612 20610
16759 21128
25819 21947
267 11390
17176 8328
9589 17453
27157 756
16001 6811
4491 2404
24908 15948
11070 11483
27163 26966
11949 21888
17176 1283
11218 11201
3113 14101
19145 24281
6554 2244
26820 15628
24901 20375
24847 24843
11047 11108
7128 26468
1920 18421
22482 20436
847 395
21497 25819
19970 19134
25223 20529
7703 5492
5174 5175
21325 27195
24843 2708
11494 3129
24844 24800
16273 20960
20780 20436
10854 24268
24281 21425
8396 16417
19996 24384
5612 15712
5612 4857
3207 13902
1957 25263
12766 1753
16420 16418
456 2253
24229 24231
22817 21450
11350 11105
16361 20960
589 913
24290 23990
2363 11249
23346 17476
16361 8649
27223 27222
12513 12512
21057 27339
27603 25139
16657 15948
4044 11105
11930 3170
4709 20117
11390 11042
14908 12377
27661 4044
65 2754
21306 5076
4825 3542
16535 16534
17501 9426
8497 267
27157 26922
16970 8487
2362 61
9300 17453
16001 16420
25609 25528
11433 4044
16021 22823
24238 5612
2312 69
3298 15970
4043 1584
27759 23045
11040 11041
22047 22048
20610 20611
15965 9858
25263 3666
21947 20887
21446 22442
16195 9506
17479 16195
17313 16657
9395 7634
3113 16198
11218 24162
2944 6981
4147 4148
