28085 940
25271 25263
2245 11391
10465 10464
11276 11271
24238 15712
12781 5789
20363 21306
17479 20764
11707 14612
21689 21396
21213 21476
7394 16597
1572 1090
10519 10520
11318 20578
24229 24230
12704 5789
24350 24349
760 1706
16222 27912
14141 12073
200 453
1110 98
11291 11292
27397 596
7438 20599
7703 9889
1584 1585
24232 24231
10464 10458
20614 20743
11306 27150
5926 5927
20935 20933
8015 8016
11273 11270
3054 3055
3866 3864
382 11320
12781 10205
14455 14456
24233 24232
11276 11275
20352 20877
10556 10824
20660 20575
24349 24254
10487 2740
21401 27102
21449 21162
3179 11137
10567 10564
11496 11391
6797 6003
1572 1570
21622 20672
54 2698
1831 1830
13644 3138
23786 6762
454 453
22578 22577
24550 24545
20786 2271
11215 16490
16777 3566
11318 27339
21301 21296
14141 14139
10464 10462
24384 3068
9648 10406
17315 17223
11494 11493
27021 20576
11364 11365
20886 11254
24413 24414
14142 12899
20814 20647
21401 26841
24273 24272
11276 11270
19426 9937
20614 20612
24549 24548
26824 17559
5962 2600
12008 12073
3865 52
27758 27757
21300 21299
20578 233
15921 15914
24550 24549
20410 20418
11201 11217
24232 24230
11273 11242
21301 21300
10463 10461
2271 27226
22343 22961
20764 20766
24475 24393
6217 6218
6828 15924
24513 24514
10630 6553
24545 24546
24233 24478
14144 11808
27667 26936
6328 5905
16697 9324
3211 3212
6335 6466
26289 20401
2383 5842
21296 21297
14140 14138
10567 10563
8156 3566
20780 22482
1572 1569
24475 24514
27021 20054
8497 18771
22578 22576
6344 6538
21286 20712
16627 16956
20613 20611
14141 14138
21922 27729
11276 11242
21294 22159
11716 12081
11275 11274
27157 2271
11485 11483
12528 12899
13607 4490
11420 5612
25478 25411
11297 11301
14141 12008
21477 20828
26517 26518
12899 12900
14143 12899
24475 19149
21497 21947
14612 14119
2583 2582
24549 24547
1090 1570
22200 11109
1095 6981
21300 21298
26847 24281
2944 23373
12704 1204
20786 26922
11294 20578
10463 10460
14140 13607
7394 17210
4156 10825
21303 21299
12073 14138
1431 11109
11950 11852
2522 6256
6328 5904
24065 24066
3179 20660
26812 10471
11661 12899
11319 11320
5961 5958
24254 1069
13944 24034
22577 22574
21389 20688
14141 13607
24217 24218
24393 24514
20875 22053
11109 11110
14147 11808
13032 13033
11212 11050
14144 14143
11274 11272
21299 21297
20613 20610
22318 21950
17597 25422
7054 6794
14475 12396
12008 14138
3566 7581
13055 13016
27336 11254
16697 6811
11275 11273
14139 4490
6272 10825
14147 14144
20372 22200
20815 20811
6797 15921
5842 6173
14140 11661
26773 27337
13607 12073
14908 14907
10569 10567
1570 53
11429 11196
24271 24413
27163 21673
21401 22485
16222 6828
11231 11211
8156 7581
20479 20480
7803 26790
14141 12528
20501 20498
21982 20410
2524 2522
9066 8156
2195 2194
10462 10458
14146 12899
11571 12722
26500 6794
470 2583
10463 10459
21790 20352
20934 4301
20722 25463
11230 11364
21401 20629
21303 21298
20855 21297
14142 4490
27757 23045
4825 10650
1928 26790
20419 20586
1429 292
5890 5888
20545 20811
11808 12899
26468 26467
7862 26844
20512 11109
10953 6652
20649 20648
24393 24513
23981 19074
21480 21479
24548 24545
20629 22485
26467 3894
10565 10564
21299 21296
24271 24273
11274 11271
14138 12899
3273 11110
27685 2599
20748 7803
13032 2680
11275 11272
26500 7054
7427 11203
3207 12989
6272 10824
10568 10565
26773 22641
14475 14228
14147 14143
20645 20646
11429 11168
4147 6664
14139 12073
12766 14840
21306 21304
24031 23491
20545 20815
21775 21773
10569 10566
7042 10067
12528 11661
634 3961
27005 21800
21302 21297
14142 14140
24230 24478
26820 6362
11661 3682
26902 10471
20748 26790
5905 5904
10465 10459
11155 11156
11418 8497
11391 11042
12528 4490
24231 24478
24031 11045
27207 16988
11271 11242
20815 20814
6327 6581
27163 26973
11494 24222
4849 22383
14142 12073
24276 19134
10720 10721
27685 27305
8402 16100
2524 6254
11429 11428
20649 20647
21562 20855
1090 53
2331 2332
1832 1831
18612 9937
13607 14138
21302 21301
27759 27757
3298 5388
12081 11717
455 454
14140 12899
24271 24272
11274 11270
15921 6003
11571 12527
2997 4929
7415 9889
20811 20812
3273 11109
13607 12008
10465 10463
26965 26966
10556 4156
24350 24254
24882 6480
6804 9735
16298 6920
9659 10726
56 1229
6160 6143
10568 10564
6376 6432
27157 22068
14141 12899
5961 5933
16197 3566
20545 20814
21058 22620
10569 10565
11661 4490
20815 20647
11494 19378
16222 15924
6956 16388
10458 10459
16298 15910
20054 11137
10556 6272
21302 21296
14142 14139
24574 19820
16916 3298
10755 10511
3864 52
3298 9858
23982 23984
382 11319
10465 10458
20661 20472
24233 24231
11318 6981
11276 11274
7196 16490
10556 10823
364 922
1570 1569
947 2582
27665 405
10461 10460
2944 6981
11318 1095
11318 11294
16535 7510
20511 23129
4233 6401
11339 1792
12073 12899
20512 22200
4490 12073
6429 11780
14145 11808
14139 14138
20545 20647
24092 24093
1832 1830
11192 11191
11274 11242
3055 2600
10464 10461
455 453
11899 11550
26845 1928
24475 24397
14139 12008
10465 10462
9591 6789
22318 22243
14145 14144
2583 947
7604 6773
13331 12081
8396 9324
16367 16534
6553 2244
10568 10563
7424 12822
12008 12899
11716 11717
1569 1568
1568 53
13607 12528
12291 13754
14146 14145
11114 11401
19426 18612
12781 1204
11950 14126
10460 10459
1700 6216
1095 27339
21294 22069
11420 15712
2584 2583
2997 2892
24550 24548
14142 14138
1454 1455
3866 52
21937 21626
24232 24229
21301 21299
27305 596
20814 20812
22637 22513
3179 20575
25410 25442
24233 24230
14142 12008
10961 6432
11276 11273
11618 20684
11345 11391
1932 19820
12512 11781
16242 16534
69 2312
21566 21565
1572 1568
3501 6347
2245 24328
24475 24513
21565 21466
26857 26855
11212 11230
9723 7442
200 455
7117 6774
10267 21259
10563 10564
11192 11190
7445 24005
11272 11271
2176 416
12092 12093
10464 10460
21674 6362
21622 21627
2599 27305
12177 11661
27685 27397
16897 1283
23373 6981
21566 21466
11273 11272
24882 24881
22441 1924
20743 20612
27318 17279
14145 14143
22243 22486
26842 17170
2363 98
8487 16226
2680 13033
21640 27288
27661 756
10629 10630
11041 11249
6480 24881
14139 12528
26389 14768
10567 10566
24549 24546
25411 3893
1090 1569
15712 18771
26968 26965
10460 10458
847 350
21562 21297
16242 16367
7703 7415
8584 7402
13032 14111
21300 21297
27912 15924
14141 11661
2584 2582
24550 24547
11230 11050
12564 149
17497 7839
1571 53
11215 7196
21301 21298
8396 6811
14140 4490
4490 14138
22641 27330
27685 596
4156 10824
26841 20629
20759 9324
12528 12008
26922 27226
11114 11112
11276 11272
6559 6074
16597 17210
4490 13091
520 521
1429 728
17246 17247
16759 16760
20647 20648
11271 11270
11707 11971
12899 11780
14142 12528
12346 8836
16535 7975
22243 21263
11294 6981
22578 22574
16258 8084
24475 13257
14030 14031
11493 11495
11272 11270
3865 3864
21888 22383
2894 1180
16538 7500
20935 4301
10566 10565
5982 6299
24103 24734
17348 16503
20935 20934
21303 21302
11294 1095
16697 8396
13607 12899
24882 24880
1831 2195
20579 20472
9590 15938
1928 26983
20489 20578
14986 14987
10825 10824
21422 21924
26820 17559
6518 6553
20512 27243
24328 11391
6344 6675
14193 6967
20786 27226
20687 20688
11661 12008
6480 24880
10567 10565
7510 7975
24549 24545
1090 1568
1571 1090
1572 1571
2271 26922
4156 6272
26468 3894
26936 1924
21300 21296
21982 20418
20340 20836
4148 6664
11193 11192
10961 6376
7004 16263
5789 1204
21560 22293
14141 14140
11242 11270
10463 10458
7394 16305
4156 10823
6967 9556
13494 13493
21303 21297
20934 20933
4140 10726
416 1595
4490 1790
14140 12073
2306 4378
23984 23981
7769 12822
9204 7770
27021 11137
12008 4490
27758 23045
11832 13700
13161 11599
6090 517
4491 12008
6036 4567
20661 21286
1571 1570
11190 11191
6429 12900
10565 10563
11272 11242
18214 20135
26973 27150
10462 10461
11201 11218
11293 11292
8190 7185
10566 10564
10629 6553
19970 24034
21302 20937
10463 10462
11275 11271
14139 12899
6272 10823
13944 19970
21303 21301
5928 5927
1831 2194
3273 1431
10825 10823
16916 9858
20579 20489
22053 21924
11243 11156
11971 14119
14140 14139
22577 22576
294 16625
27912 6828
27157 27226
27397 2599
20886 27150
6003 15914
24471 24472
6184 6401
3595 24872
11193 11191
21395 17084
21422 22053
6874 6875
1095 20578
6016 6017
5856 10894
634 69
14228 12396
10654 10653
21481 21730
24231 24230
6538 6251
11494 24383
13742 12273
21303 21296
11485 11484
21674 26820
4849 21888
14147 14146
6797 15914
24415 24414
26773 27330
11949 12787
12528 12073
14143 11808
7803 1928
6344 6251
2599 596
24271 24415
292 728
26973 20886
14111 13033
24383 11495
20576 11137
21302 21300
1571 1569
20579 20578
20339 20340
20501 20500
6429 12899
10462 10460
11293 11291
24103 11217
10566 10563
3054 2600
9066 3566
11275 11270
20875 21924
15712 8497
6981 20578
27397 27305
21303 21300
20054 20576
5928 5926
1431 11110
456 453
11496 11345
22377 23021
10569 10564
11243 11155
1389 12034
13607 11661
21422 20875
11971 14612
20649 20650
19696 24003
11661 12073
11484 11483
10473 10474
20524 21302
24548 24547
20054 3179
24397 19149
11193 11190
14140 12008
2999 2907
21299 21298
2363 1110
11274 11273
7769 7424
27207 16950
5789 12780
21496 10161
13545 13546
2708 24800
24231 24229
14144 12899
15712 5612
24223 24225
26835 11327
14139 13607
1570 1568
10568 10567
18511 1747
15947 16388
1790 13091
14147 14145
11428 11196
20815 20812
11045 23491
21499 22518
24415 24413
11210 756
26973 11306
10461 10459
2363 11421
4490 12899
4140 9659
26812 26902
10569 10568
20629 21314
8674 11044
24271 24414
27157 20786
20748 1928
14145 12899
25608 27668
15963 16597
21302 21299
24328 11042
1571 1568
6016 10594
992 1056
14146 11808
24880 24881
10462 10459
19149 13257
20933 4301
69 3961
11275 11242
10465 10461
16777 7581
8411 992
11217 24734
5528 13494
22576 22574
24574 1932
11230 11365
20886 11306
24547 24546
14142 13607
11780 12900
22157 21287
14146 14144
26841 22485
2584 947
21298 21297
20545 20812
14078 11493
10569 10563
14139 11661
26926 22718
2524 6256
2245 11042
1569 53
4233 6184
11047 11108
12528 14138
22482 20436
24548 24546
847 395
20814 20811
2383 6173
11494 11495
21627 20672
24233 24229
25478 3893
13257 24064
11707 14119
1395 6136
11428 11168
2680 14111
5843 6581
20780 20436
14140 12528
10568 10566
234 847
14141 4490
9324 6811
10461 10458
21247 21079
24229 24478
142 6789
14147 12899
14142 11661
200 454
22627 22628
21401 21402
1572 53
24383 11493
15947 6956
21302 21298
2343 354
14142 14141
5933 5958
10464 10459
11196 11168
11942 3562
26877 26832
11661 14138
10823 10824
11273 11271
3866 3865
11217 11218
10465 10460
11418 267
20661 20712
20579 20661
27661 4044
5528 13493
26845 26790
9591 142
10556 10825
8497 267
24397 13257
24547 24545
27157 26922
12781 12704
27336 20886
14146 14143
21298 21296
24238 5612
3298 15970
27759 23045
21240 20626
20610 20611
20500 20498
24550 24546
20999 21246
14991 12770
22243 21950
6920 15910
27759 27758
6553 6335
11812 11813
21301 21297
10464 10463
20512 21640
23982 23981
4147 4148
