28085 3200
8881 1491
1443 833
17759 7703
6240 1759
12406 2474
11726 11117
28054 28053
27777 27775
12949 10486
5892 5893
3669 9218
11476 14209
16959 16960
19861 746
17573 27885
7117 6763
27891 27882
27789 7863
1345 6426
7000 7001
20855 11254
809 524
8649 9484
23169 17946
18154 18152
28080 7703
23169 16634
11476 24129
7104 27776
27682 11305
18155 18153
4006 4005
16564 16142
11349 2067
3566 1491
6833 28035
6787 19208
19489 2428
21327 21169
23498 27776
15722 15719
1198 17989
6003 3298
6962 7433
12289 11706
24123 24337
8064 6592
7414 7413
27984 27979
19490 1462
9572 9886
11912 3762
597 623
6918 6917
7738 7739
11896 9187
26845 24142
1938 2608
26986 25924
3627 1627
7416 8362
6990 8519
6059 6060
8501 16657
8517 6573
21327 21326
270 4285
3298 16849
27047 27022
11656 24337
7703 992
491 8719
20841 2858
26941 26940
17479 20448
490 22080
15965 16771
3212 23463
7167 1771
4134 18554
2762 4158
5028 12760
6204 3
7394 7003
17249 7864
21057 22080
12391 5579
8685 6772
12255 12071
6198 6195
13546 15776
22292 22852
22315 25608
8677 8674
2921 18825
18158 18154
11072 1928
6199 6196
20802 20514
18413 6774
16500 16498
27888 27880
27990 17045
9520 12188
27891 27885
5839 5889
16678 21379
19383 4996
9978 1253
7986 5085
19713 1115
11762 15593
15725 15719
6557 6556
20365 26790
24338 24337
20993 25047
26845 26841
8649 5142
17656 17655
18281 9076
20455 20447
20452 17669
26906 24493
27890 17573
16728 7208
7118 7117
15601 26880
11051 1473
7461 6782
8644 16961
16198 16024
2522 6526
253 250
11930 9520
7422 6970
18152 8144
26877 20530
16353 7416
9484 17203
18414 6981
20731 20732
15458 20600
1291 25997
6548 10729
20753 21394
27990 27989
1782 11596
17268 15910
6887 18825
18158 7442
18906 14209
2356 11044
27826 2253
6003 2074
14923 7954
6790 9889
15921 11177
11718 11713
8110 8108
1516 4508
21243 21559
24004 11493
5840 5839
18262 9076
21118 21119
23337 23336
6549 10729
7413 7393
7004 7337
17269 15910
8099 8098
28056 28055
17479 7992
7003 7000
23338 23337
8649 1484
17759 992
27000 26998
5968 5966
7427 23362
27328 16363
4961 250
23695 23696
4525 2312
11254 1527
14089 2027
15715 11989
22292 21278
27886 27881
18157 18156
18973 806
4163 6771
25696 12135
12893 6961
7422 26437
25700 25697
23151 23488
21092 20994
11861 12528
24114 24209
11726 13652
7412 7410
5991 5990
26978 2141
27328 16749
15086 15843
20455 17669
6567 8517
15713 15712
3627 5340
3298 7416
11869 1542
18155 8144
5175 5174
24593 24594
11214 9275
17608 8649
11741 19149
27888 16713
20855 16678
22977 11006
6606 5332
20365 7954
20409 11258
4134 10662
3566 7697
7719 7718
4134 4920
26586 7107
6932 4715
1861 7421
27883 6920
28007 16749
2680 11774
18781 8053
5479 8187
8719 12528
12289 15841
3522 2406
27189 20503
4878 16714
2074 6747
6875 7298
11265 11433
18128 965
6003 8192
25172 2141
19823 19132
28052 28047
2074 26983
27777 23498
610 612
6106 5926
5680 11596
2074 16137
15820 15671
21447 21405
111 1831
13257 812
15829 19283
16567 27880
25698 12135
2858 20828
6200 6198
15275 681
7986 8942
16002 15913
15086 13088
7862 690
22776 25258
6201 6199
1359 7416
11320 909
27889 27881
16213 27881
6875 9261
14687 5062
6190 6189
11637 11727
20553 9909
21888 26781
17168 27881
23170 23167
25703 25697
6929 26499
3061 4690
21723 11258
27890 27882
17617 17764
27328 16595
6956 6747
25704 25698
6558 6557
22805 21241
4996 3212
25419 20690
2176 68
2841 9381
6956 16137
733 844
2230 11299
10406 17090
18825 502
28082 17062
10501 8053
7445 19074
8136 17759
7422 7421
21619 13918
15956 7444
485 486
11329 26900
15966 17171
20649 21559
1627 6426
16496 16025
19487 19545
6241 4527
11726 15690
27401 27402
9978 2355
14066 12684
6916 6917
16708 7722
10162 1947
28007 16595
17163 17162
6614 6615
11578 9933
28055 28048
12406 7986
11146 23373
5388 9571
10161 21809
3298 16364
8063 405
1775 524
21057 2141
6241 1759
16497 16025
3170 15806
17573 27884
15706 12234
27152 11363
27778 27775
7017 16654
23697 18208
8674 17942
26887 8319
27401 27379
26481 15544
21589 22539
9971 4953
21888 27265
2944 19816
19948 9187
12544 12543
23210 11072
7104 27775
19948 11896
23210 24398
4816 1020
7424 1478
18155 18152
6197 6196
16714 6811
20482 20842
2356 18827
16497 16496
4090 1410
19958 3049
16513 3294
6994 15336
18156 18153
7004 10425
18596 16210
27323 26799
16498 16497
19523 650
3562 11584
16567 16713
22776 20651
27988 8350
5852 1438
6204 3058
7149 8341
6776 6747
15723 15719
7414 7412
25703 25700
7954 26790
5225 3231
27984 27978
27328 15924
11055 4140
8008 1771
8649 3345
27989 8350
16499 16025
16652 27787
26814 27079
11890 14066
16643 4140
8009 8008
16597 16596
27985 27978
17203 3345
13770 9126
2684 10160
20903 21262
4476 6010
11056 2356
28007 15924
16120 20436
3345 3346
4158 2057
10383 15733
2946 16023
20426 16120
18613 18612
27389 27022
7394 27827
9663 10425
6240 5962
803 24152
11320 17634
26821 11374
13344 13605
17268 17267
11180 27682
2074 3298
11147 20186
13764 11833
8100 7200
4849 18162
12399 15763
6199 6195
26626 6970
8658 8659
22643 21015
913 4403
25421 17597
11476 18906
3566 2648
17269 17267
27891 27884
15733 1228
4428 2941
21031 16357
20855 22776
11706 15841
21723 19208
27161 27141
5390 9296
23424 23422
4286 4285
27884 27881
27777 7747
27913 17062
20796 24941
10233 7140
4389 18298
71 11299
8682 20365
6557 6555
11724 11544
3566 9185
12931 12775
16680 19208
13131 4169
9971 5041
17656 17654
13056 8605
16728 7207
15247 21463
3560 14394
20889 7992
11476 24396
7136 3903
4527 597
22804 24207
25698 25696
11302 26983
8350 16513
6956 3298
15915 7369
9270 11531
13625 15708
17162 16480
9589 9590
21099 20898
20831 20818
3207 15789
2355 11637
18153 8144
13257 24437
9270 9810
27328 23210
3937 13419
6990 10206
17823 5236
27984 27981
7738 7741
9518 16970
7096 20840
15948 20993
28005 16749
27885 16567
8649 7369
11447 20819
3294 16323
28006 9394
3653 23989
5933 3033
23338 23336
28050 28047
24730 24729
1001 16142
25638 25398
5076 21168
18154 7442
6546 4279
26941 26942
6963 6962
28006 16749
8517 9549
1291 11371
17573 16213
21888 22383
18413 10411
12399 5028
2208 9910
8198 17682
26781 22645
992 3346
1947 17682
79 267
1759 5962
6872 4076
4134 11502
6198 6197
11413 11120
8487 16472
27887 27881
20734 20382
5980 6240
18158 18156
15909 15910
7581 8444
25697 12135
6199 6198
3834 2057
27888 27882
13906 11367
4140 21051
17950 9346
5968 5893
27891 27887
24134 11656
25701 25696
3298 7415
15724 15720
19973 1831
20363 21908
5439 9978
20509 21324
27047 27387
15910 17573
28080 17062
14078 14075
15725 15721
28081 5995
13944 19328
18156 8144
6548 6589
13944 24432
6776 3298
1747 8710
7427 1947
4389 9081
11433 11340
19973 1049
8570 12727
8881 691
517 6369
19958 21040
11861 12949
596 97
28005 16595
2648 7656
21692 21379
13879 9520
8674 18648
3061 11537
2225 4849
12495 12454
19208 284
6956 2074
783 25937
28006 16595
28053 28047
9185 8771
27778 23498
19958 20523
20490 22190
19647 3894
6718 6717
69 63
21448 21405
23695 18208
25699 12135
11154 17680
6201 6198
26626 7421
17249 9518
23983 1758
5982 3
20635 22693
5846 1311
12528 3712
20698 21846
6190 6188
19081 20600
16713 6920
2355 97
20840 22195
17168 27880
27890 27881
22528 20581
23696 18208
12454 6880
18153 18152
12337 6066
19189 693
17617 17763
6754 6791
26781 22383
25073 25071
2426 19490
16363 16749
5439 13086
27891 16213
17068 1491
15965 16596
25704 25697
20401 20432
18906 24396
22761 11105
257 240
27886 27883
12093 12014
6181 455
17737 21327
25700 25699
27328 28006
19540 26906
6031 6028
20431 20432
18906 12130
11329 26935
26937 27037
16137 5388
7414 4074
6184 5340
22440 26897
17669 20447
26820 18824
4383 7720
9978 10383
18686 17990
52 1770
27889 17168
28007 28006
4849 22804
18933 6872
23696 11481
63 4525
16498 16025
1221 3828
28056 28047
17700 9938
16648 16952
3590 22959
27779 27775
13545 13928
4789 2229
20022 2225
10025 10027
20409 9395
27402 27379
28052 28049
24396 12130
21451 22195
7393 7411
8098 7200
4428 4995
4576 629
16567 27882
447 2722
6197 6195
20585 20588
16363 16595
1438 1439
18156 18152
26859 17044
6429 4860
17213 17296
21862 17835
27889 27883
26906 15700
1484 9484
4169 11537
16643 21051
19523 2900
883 484
16365 17171
10425 17213
23170 23169
11741 24209
25703 25699
27882 27880
6104 1694
17697 4140
26978 21057
6828 6829
16971 9518
6905 17778
20600 21139
11345 24245
25704 25700
8497 4707
13944 17564
15719 15720
20734 20581
8009 1771
17168 16713
27990 8350
20733 17992
7421 6970
13292 13064
16678 21809
24069 20994
2463 513
20841 20828
27981 27979
4527 6240
20601 20438
2231 20686
27032 24160
27031 11363
27988 3294
18554 11502
16634 17946
3246 13839
27777 7769
27883 16567
11652 11870
2074 6824
28055 28050
27390 27022
2008 11345
267 19189
1214 6231
17144 18053
27777 27776
6241 5962
234 847
20489 11076
9230 2090
149 15706
18152 7442
9889 17453
21069 20547
20599 22584
6961 6962
424 5028
6887 11177
27778 27777
4996 23463
17573 27886
17269 17266
405 6592
8674 17944
20134 18957
7000 27827
3 6203
16648 17184
19709 240
1560 573
93 89
27884 27880
15700 10471
18262 18281
7833 6747
7692 3590
1180 8165
7337 7334
27154 7129
21463 7992
97 4525
27778 7747
18155 18154
1389 1779
16363 15924
9978 13072
4062 4203
3896 2859
17479 15247
7692 22959
6615 10732
507 4545
20686 21168
3445 3746
22101 20442
18156 18155
7092 7422
27885 27880
10383 1228
20443 7037
12224 11901
25699 25696
15722 15720
8503 2763
24114 19149
6003 8403
6962 7434
17163 16480
1668 19516
1049 1831
10239 3291
22528 20816
399 523
27984 27980
20816 20581
7437 7434
6715 6101
1484 5142
3308 42
11476 18810
3562 11707
24398 26793
270 4286
15763 12760
2074 19767
27882 16713
20576 490
24129 24130
16129 9290
6963 6961
8649 17203
6874 7298
20802 21212
24195 806
17763 17764
21322 21742
111 2428
8719 3712
2245 2243
19135 24432
19402 11041
11154 11152
7117 9499
18155 7442
21451 20840
11371 2141
8097 8095
6828 8350
12528 12002
26367 6331
8677 17944
6763 7466
221 5225
16748 24207
26799 97
13927 13928
20661 20540
5142 9484
10425 7335
11912 12672
11724 14687
25608 11419
1069 8180
8108 8109
1516 2075
9395 21723
11329 26846
14007 24510
6199 6197
17863 7800
27888 27881
6874 9261
5968 5892
8943 14917
27891 27886
7574 18648
7634 992
13479 13364
17573 6920
17184 7633
27884 27883
5966 5967
21494 20635
19700 16867
25702 25696
15725 15720
20425 20426
27022 2074
26978 490
20991 20428
67 1473
1903 10225
17479 20354
4309 4312
19540 10471
8136 3345
27389 27387
5142 3346
7410 7411
2057 834
19154 11338
10025 7350
933 540
8350 17045
27885 16713
20401 12641
6387 6382
25495 25496
6593 8064
2355 13072
27880 6920
17479 20331
28054 28047
8100 8095
12635 15766
27779 23498
16652 17175
20831 12984
15965 16245
28035 28033
7003 7001
12822 6961
14262 12186
28050 28049
20431 12641
8487 8360
267 693
7864 7860
26569 7479
8643 8644
11749 13134
4134 3246
8497 11299
7386 15963
18397 18053
9395 6787
16245 28020
17479 21620
17742 1205
2289 13778
4163 8084
27886 27882
4378 6989
20624 20625
20436 20425
1388 8272
7092 6970
22959 14917
9114 3246
27887 27883
21476 20841
27328 28005
4816 11537
15974 4378
21009 20588
9970 17496
20712 20710
6757 15998
15086 15844
3930 455
16988 7954
149 12234
16195 27911
16311 16157
2921 26907
25701 25698
10239 7943
15724 15722
10161 20855
2232 25787
20427 20991
27891 6920
13131 1020
18012 7867
12479 11531
1529 19516
27047 27389
2176 19098
20855 20651
7803 20514
3566 6795
20476 20474
18629 19706
26813 8319
11167 11043
9971 9970
27890 17168
18781 8054
13545 13927
20855 21675
21057 490
6932 7461
28052 28048
4920 18554
7393 7410
14923 26941
21230 20834
27775 27776
4225 6063
16567 27881
149 11658
28053 28049
16195 16489
7092 26437
2355 11727
20577 21028
17267 17266
27047 27222
18810 11472
6887 26907
6201 6200
27307 26889
24124 14451
7427 8198
91 89
6680 8449
11254 22693
469 1432
21581 21149
6880 12495
11955 14289
16363 28006
21067 17221
17168 27882
6905 9290
6573 4387
27890 27883
12479 9270
26897 27664
7509 7864
1077 650
11056 11044
10196 26810
16311 16003
9456 10067
25704 25699
27883 27880
22099 20442
7986 13795
27886 27885
3061 1020
12545 3595
10501 8054
11254 20635
8557 15984
20427 20428
11578 8272
23362 1947
8624 8346
9211 7877
7434 7433
7744 7738
11391 24252
11062 6406
27981 27978
1432 19694
27334 11463
2419 734
20343 16120
5989 1311
27982 27979
1484 3345
3837 19563
328 22645
28055 28049
14923 16988
5388 9572
592 734
21324 21325
1001 524
24493 15700
27778 7769
8719 12002
6776 16364
11584 11707
19427 19424
5980 1118
11322 7240
7745 16491
21589 20698
1994 26986
27778 27776
63 2312
63 97
6119 6120
1529 1668
28056 28049
20577 20874
27307 20054
18153 7442
16025 9507
16971 16970
27779 27777
16462 16455
16155 8570
8649 6811
9359 7236
7581 8776
12069 12925
27156 24207
12822 18824
26941 7954
9549 9547
2475 11875
2074 11302
7092 7421
26900 27664
27779 7747
23170 17946
18156 18154
7854 15966
11076 21076
23170 16634
17863 16211
26437 1861
73 267
12696 11859
111 1462
8180 2023
11391 5812
6362 6120
27889 27885
11371 27153
16006 9507
2230 71
19402 11472
20452 20447
20444 7037
15910 17267
16567 6771
17643 17641
15723 15720
22645 22383
17700 16863
9648 8398
1496 5933
25703 25701
7437 7433
7167 253
24134 24123
7877 2335
10240 3291
28080 5995
21057 25172
23168 17621
2495 1658
27713 11305
5992 1311
15699 14315
1861 6970
7721 7722
27985 27979
8459 3370
909 17634
21051 21278
608 524
27883 16713
5846 5988
13879 12188
2245 2242
7244 26492
16186 17264
14631 13778
15844 15843
20354 20977
2474 13999
382 4009
22195 22196
7118 9499
18156 7442
10025 6757
8098 8095
28055 28052
4169 1020
19717 19718
7864 10408
16311 28033
17573 27888
2418 5854
17269 17268
16496 16006
1589 7692
19540 24493
16211 7800
93 91
23424 23423
27379 27364
27884 27882
11299 62
17045 16513
8194 15508
8704 27767
7337 7336
6204 6203
16513 16323
15969 1478
11245 1110
17315 10186
9382 2841
4006 4008
16497 16006
21494 20670
16567 16596
1903 10224
20577 22804
26978 11371
25698 25697
27885 27882
2900 650
5142 3345
7117 8091
15844 13088
25699 25698
10806 6028
2253 250
6875 17045
27390 27387
15924 7863
6962 7436
24979 25228
9549 4387
9456 9592
11571 3207
7986 12417
27984 27982
53 3006
11056 18827
19899 18028
6593 8063
27888 17168
12528 12521
6120 5893
69 2312
9485 2946
69 97
27881 6920
28006 28005
9414 6040
28050 28048
20581 22527
4527 5980
723 1646
7414 7393
28051 28049
26872 233
16664 9572
17045 16323
26735 26502
27988 6875
7092 26626
16365 12134
15803 11607
6776 8570
4953 5041
16499 16006
11472 14209
2176 3170
16003 28033
27673 22440
15975 27785
8198 26844
27887 27882
18158 18157
18414 20886
1947 26844
7769 7104
6759 1283
27989 6875
7424 15966
62 71
26958 27189
20054 27076
27888 27883
4134 13839
3653 6067
2244 5933
16195 27910
27891 27888
15924 9394
4527 1118
9 2167
68 7549
21616 12813
1462 19489
25701 25697
7466 8091
15724 15721
24437 812
6826 6827
25650 25651
2013 1692
20509 21325
25702 25698
27047 27388
10240 7943
15725 15722
10067 9592
12747 11875
16677 20635
3125 12713
7731 8775
6190 6127
7742 7738
18789 18790
2151 8608
8770 8180
12031 2027
24773 13341
22804 16748
27980 27979
9382 9381
8674 7574
26841 24142
21057 11371
27789 15924
20379 20289
21692 10161
28053 28048
221 3231
11896 1429
7178 1221
20363 21513
11869 16867
597 5962
19383 1076
925 952
10012 6780
18129 965
22742 5783
28054 28049
4878 8649
16597 16567
19490 19489
8100 8097
7439 16982
4041 13107
6990 7442
2762 2057
16449 16031
4290 18012
5028 15763
1627 6184
8503 7584
5453 5847
5939 11482
16363 28005
20840 22196
1627 1345
25789 6961
3627 6184
25073 25072
11741 24423
12399 12760
3627 1345
11307 27020
4961 253
21326 20634
4134 1527
1077 2900
27886 27884
1831 2428
8188 8187
20436 20427
12553 24194
11349 24429
21540 2843
6790 17453
17573 16567
15479 1692
27887 27885
20489 21076
7442 8519
26986 22645
27328 28007
6811 9290
11353 4168
21273 21832
21051 25920
13088 15843
7386 7275
19490 1831
7043 8629
22292 4140
744 17778
6773 7722
7129 27657
8881 8531
7017 992
15721 15719
3627 6426
7745 7738
10733 10732
21619 7129
22101 22099
17680 11152
8557 8556
25701 25700
7140 6761
27982 27978
3834 834
5980 623
8063 6592
7634 9484
27983 27979
107 8568
723 435
11875 12852
2565 9081
11824 13444
27779 7769
11049 1110
28056 28048
2243 2242
15843 12684
5991 1311
27779 27776
26198 20476
13766 4134
17212 17211
14339 2684
6680 12495
16061 9236
2225 652
5999 8341
28052 28050
6007 8165
21451 22196
1095 20578
8649 9290
9290 16031
9663 17296
16501 9507
11749 12753
24234 19424
1782 5680
6994 2455
6165 4028
15086 13091
18882 20768
5062 12345
24197 2243
16942 16016
21311 20882
1529 2763
11861 12521
14339 10160
1496 2549
27889 27884
9572 9571
7394 16245
8495 3345
15910 17266
20054 26889
6787 21723
10501 18781
17168 27884
6027 3541
11051 11340
27022 11302
27882 27881
27890 27885
20764 20977
12873 14681
20372 20373
17063 16198
13091 15843
22194 21728
10407 10408
1861 26626
25704 25701
20409 19208
27826 250
27883 27882
3073 502
6875 8073
20686 10068
972 455
1516 19129
21004 27267
28033 16157
8682 20856
11084 4993
23169 17621
19894 25071
21692 16678
11371 25997
27891 16567
1790 12723
9547 4387
16942 16932
7744 7740
19958 21528
3448 11117
17946 23167
27981 27980
9518 7361
2475 2474
7171 6795
20436 20780
11056 4787
24073 18521
25073 25052
11254 4134
433 298
22292 25920
27982 27981
17264 11326
28055 28051
7730 17003
9548 4387
12893 11374
17045 3294
2997 9874
491 18589
79 71
7864 10407
19427 19426
14672 13292
17573 27887
27114 6824
6567 9547
16137 3298
6181 701
20904 17479
21374 22761
1484 17203
11180 25997
27988 16513
6833 16311
28056 28051
7412 7393
24728 24729
24196 13236
13091 13088
17211 17213
5812 24252
5892 5967
7244 6762
16680 284
18810 14209
107 10233
1291 19145
28081 28080
7337 7335
3753 19957
11749 11637
16771 16245
6824 19767
7422 26626
11254 21494
19553 523
4053 11703
6615 10733
2245 10777
25789 18824
7264 16246
27885 27881
16498 16006
7338 7335
7604 7720
8570 16058
6181 2026
27886 16213
25699 25697
15722 15721
8198 23362
27889 27887
12270 15810
6962 7435
6776 7833
8649 15915
15723 15722
15921 15966
15965 16567
2426 2428
11476 12130
18011 7867
18521 19309
7437 7435
11762 4759
5388 19098
22315 20938
10027 7350
6758 9361
21276 21277
9978 13086
15713 12495
17496 5142
27985 27981
13131 11537
3058 6203
10240 10239
723 922
8064 8063
21397 21688
27988 16323
11299 460
17946 17621
7117 7465
4171 4474
28051 28048
6833 16157
861 446
12289 11901
16653 16652
16664 9571
27114 19767
8097 8096
6589 10729
9520 13152
6241 597
16245 7000
8098 8097
27989 16323
28055 28054
14066 15844
20545 20546
12406 13999
16771 28020
16500 16006
5999 7107
4490 4491
2661 12551
16863 9938
424 12760
27157 7692
4527 623
1001 16564
73 79
6757 8219
18129 18128
24209 19149
27154 27657
24159 4690
27990 6875
12553 13236
19948 1429
10875 26569
2474 12666
27889 16213
25702 25697
5989 5988
7096 20601
20780 20426
2475 12747
6567 4387
17479 20764
6037 3669
13944 19135
27401 27097
13770 12417
23829 7236
6787 6790
20169 4407
20482 21342
17076 20761
3179 20712
27389 27388
6549 6589
7743 7738
6003 16364
27980 27978
19174 18636
4545 504
4090 189
2355 18730
27390 27389
16952 7633
1831 1462
19709 257
1118 623
26492 6762
8495 16726
17211 7335
22418 22080
6833 16003
6429 11898
8683 16059
23495 952
28054 28048
20774 21262
24338 24123
7718 6862
8100 8096
21322 15209
242 19504
4290 18011
28035 28034
21067 24898
20796 17085
7003 27827
17573 27880
12775 11842
13620 3595
8649 992
3894 6936
20409 8682
13091 1790
7864 16492
7073 6837
27913 28081
17144 18397
1095 1928
13998 15677
16499 9507
7424 7854
7721 16708
27390 27222
16201 8501
12031 14089
10161 16678
11476 11472
22292 21051
3448 13652
524 800
20436 20426
21327 20634
20734 20794
25475 27481
11472 18906
27887 27884
11422 27307
10089 27657
11637 3926
16749 9394
5992 5988
62 73
27888 27885
26845 20489
27891 27890
6773 7721
2474 5085
3546 16825
25701 25699
4074 7410
15724 15723
5479 18047
25702 25700
27983 27978
15725 15724
7206 10088
28034 16311
26565 26563
20444 20443
20476 20475
7200 8095
20455 20452
5076 20896
7742 7740
20022 4849
26566 26564
18621 11517
27673 27379
15844 12684
1542 16867
17184 1198
7206 16661
12774 12775
12527 14066
20761 20356
11875 11925
27388 27022
11420 15811
16970 7361
18824 17559
19540 15700
1330 11211
28053 28050
848 4005
28054 28051
20531 19521
1001 800
24197 2242
8100 8099
5999 7149
7634 3345
5892 6120
16016 16932
8099 7200
3695 10486
7434 6963
21519 11525
1237 3291
20576 22418
23119 1198
1069 2023
1775 608
1627 9978
27891 27880
4476 3997
21643 21619
1938 77
17168 27883
16363 28007
16242 8649
27890 27884
16460 16456
20426 20343
23112 23115
6755 6759
8166 8165
11374 6961
27883 27881
24134 24337
17573 16713
7336 7335
9933 8272
12399 424
19524 1588
3448 15690
19568 19567
27884 16213
4953 9970
7427 10162
9970 5041
9409 9849
20409 21723
6833 28033
7422 1861
28034 16157
7413 7411
6614 10733
21809 21808
1065 1063
25697 25696
26437 7421
7744 7739
6956 6003
13236 24194
10486 11989
26978 20576
3298 6747
6184 6426
52 6118
7745 7740
16662 10088
27982 27980
15712 12454
4359 17574
13887 12262
7435 7434
26978 22418
27983 27981
16791 16245
1491 8531
26877 27147
27989 3294
2355 7144
7986 11859
18769 1668
28056 28050
7019 27877
11072 1095
16662 16661
2426 1462
27779 27778
5892 5966
21513 21908
16462 16456
28049 28047
17212 17213
14007 24170
7581 8777
26846 26935
4490 12372
7437 6963
2232 18040
7394 7001
7692 14917
26908 11076
28082 28080
6774 10411
9549 9548
2474 8942
2763 7584
27910 7179
7117 9581
3876 16127
6049 26450
20627 20624
7338 7334
27827 7001
9625 9314
15086 12684
4187 5173
6241 6240
23989 230
19593 222
11180 11371
6362 5892
27889 27886
20553 20531
21311 18260
15975 6811
27887 16213
16201 16657
17643 17642
15723 15721
17168 27886
27911 27910
28034 16003
25703 25702
27890 27887
1410 189
253 27826
20409 6787
26877 26872
25704 25703
6875 8484
27891 16713
10206 8519
27985 27980
16791 28020
3061 4816
21004 11139
19894 25073
27886 6920
7426 7954
6593 405
5846 5989
17742 17741
7744 7742
8136 8495
5977 6063
5509 67
1462 2428
24152 11497
7118 7465
8054 8053
2176 7549
9395 9889
8198 1947
11329 27664
8098 8096
28055 28053
26887 26813
14066 15843
690 2176
490 22418
7559 7558
21057 20576
6773 16708
20855 22693
21553 26787
7140 27905
27990 16323
8232 21272
7415 16849
5076 20686
28047 28048
1237 7943
18825 26907
24114 24423
8099 8096
4284 77
22528 22527
21057 22418
3762 2661
8449 12495
7054 3894
9970 5142
20353 20352
18298 9081
18810 18906
20780 20425
25924 25925
972 3071
11446 18957
27890 16213
23336 18737
12276 15622
18973 12553
27885 27883
11301 9270
13770 7986
19490 2428
18414 16467
20365 20856
7445 230
6875 16323
8943 3590
20601 20840
24282 19145
14066 13088
27390 27388
23337 18737
26810 22383
2355 5439
12367 13795
20764 21620
27984 27983
8943 22959
16186 21492
16213 6920
27889 6920
20474 20475
27222 27022
507 504
9663 7335
5847 5916
17212 7335
17168 6920
8136 7703
20734 20816
27985 27983
9211 2335
7719 6862
15963 7275
19979 2223
15479 18602
27913 28080
16783 8362
6930 7461
28051 28050
17315 7697
16242 7369
2090 20802
5219 466
19427 24234
11051 67
1291 11180
21909 17785
16500 9507
9518 7860
2074 16364
24196 24195
6166 6167
730 904
13906 11922
6426 5340
3073 7129
3345 992
20649 21243
6200 6196
6782 4715
9230 6755
4169 4816
17068 8881
17697 8000
1478 15966
20820 11447
16137 16364
27888 27884
11823 11816
8879 17788
5840 5889
2090 20514
27891 27889
16501 16497
7442 8144
20553 20753
15924 28005
6757 10027
13652 15690
3566 7119
9660 17635
20436 20991
23210 20578
491 12528
9126 12417
25702 25699
27881 27880
15725 15723
7320 16296
27891 17573
8776 8777
7703 3345
27031 27152
6874 8073
17861 8674
11180 11305
17646 17645
20095 6181
2008 24245
6956 16364
7742 7739
26566 26563
6127 6188
15628 27166
15965 28020
27401 27364
7743 7740
16648 7633
24123 11656
7345 16855
24941 24940
5173 14075
20855 16643
2011 18778
16661 10088
6795 7119
21906 21907
6240 1118
28054 28050
20577 4849
20530 26911
16971 7361
8100 8098
23990 24839
27673 26897
26887 26891
4425 976
26978 25172
10206 7442
253 2253
17759 8495
1345 5340
16460 16455
633 17706
13091 12723
9395 6790
8188 5479
27777 7104
7336 7334
18208 11481
19596 4007
20436 20428
4378 3465
23168 23167
27887 27886
7718 9321
23697 23696
7510 9063
15969 15966
26845 7803
10233 8568
7413 7410
5992 5990
6614 10732
23169 23168
11724 2355
27888 27887
9520 13098
17382 17381
15821 1020
27222 27388
15721 15720
5992 5846
7745 7739
20904 11794
20816 22527
9625 9624
4074 7412
11787 13442
22645 26810
7435 7433
24338 11656
7414 7410
8531 691
267 71
16186 11326
26922 27212
6761 27905
20169 2305
7140 8568
7862 19026
27983 27980
15713 12454
12134 15966
7436 7434
16713 27881
5990 1311
27884 6920
7200 8097
17759 3345
11656 12140
7350 15998
9185 2648
11724 11637
9314 9623
27990 3294
992 8553
2090 6759
9663 7004
17212 7004
7738 17162
4452 18712
9411 9412
9549 6573
6406 3742
28052 28051
11833 14289
7054 19647
7437 6962
6106 6110
27307 2599
7394 7000
76 2057
4878 6811
19424 19426
28053 28052
4491 12372
7986 9126
18111 692
18621 12134
11041 11472
744 26773
20687 21348
27911 7179
27154 10089
6003 6776
7118 9581
11578 1388
16634 17621
18053 18214
9453 7171
5388 9886
8084 16235
1311 5988
6875 3294
17168 27885
23422 23423
27890 27886
13620 12545
11930 13152
27888 16213
7634 17203
5122 7148
7073 10225
25704 25702
8771 2648
27481 25588
7986 12666
4353 18422
27390 27047
13236 806
6009 6010
4961 7167
11875 5524
18973 13236
19894 25072
6549 6548
7611 8444
21620 20977
18621 18648
7744 7741
27388 27387
27887 6920
17164 17162
21492 17264
8770 2023
6874 6875
3073 18825
13999 8942
7745 7742
14118 18284
8064 405
4378 9187
5980 1759
20381 6966
13131 3061
2176 15806
6110 5926
4721 12186
14672 13064
27022 27387
6567 9548
6980 6977
7004 7334
16960 16958
8099 8095
28056 28052
27379 22440
7416 16849
7581 7611
22804 27156
6757 7350
7738 16491
26812 7691
24898 17221
2245 2026
6862 9321
8517 9547
2684 11787
17211 10425
11412 3273
97 2312
9159 7064
3273 11364
20438 20840
20331 20448
18157 18153
4008 4005
18662 20095
17741 1205
21278 25920
20627 20626
7338 7336
24510 24170
16499 16497
12406 8942
4163 16567
27787 17175
12528 3455
7017 3345
79 19189
27889 27888
26501 26502
23210 1928
5968 6120
4140 21278
17479 11794
6003 23488
4140 11335
27890 27889
23338 18737
7437 7436
7747 7104
17778 7782
79 62
27890 6920
435 1646
2355 11072
20523 21040
12224 12289
17213 7335
27985 27982
24196 12553
6091 5902
16501 16025
7741 7739
5846 5991
25475 25588
7117 7466
27978 27979
27989 27988
5968 6362
2289 14631
24196 24194
11989 11991
6200 6195
24338 24134
19894 25052
16567 16213
1484 992
20904 21010
9392 21527
6201 6196
15908 16131
16501 16496
12337 23290
15908 7500
15715 3695
18933 4076
7558 5236
11537 1020
16643 22852
9811 15588
25071 25072
5239 42
15924 16749
11473 11472
2565 18298
7975 7510
27114 2074
382 5566
3117 3764
490 11286
4090 743
4849 652
7747 27775
6241 5980
11117 13652
1008 4652
18004 17617
5990 5989
8517 4387
15844 13091
27328 9394
7633 6964
7743 7739
10806 6031
24493 10471
11329 26897
10875 7479
1627 5340
20733 20732
1388 9933
27402 27364
3595 12033
111 19489
17778 9290
25052 25072
743 189
27097 27402
16489 27911
8350 6875
6240 623
21674 24818
27886 16567
8166 6007
28007 9394
3653 230
11749 3926
4201 19283
6241 1118
3448 11726
17573 27881
9547 6573
16597 15965
27913 28082
15909 8883
7769 27775
21823 12495
1478 7854
6966 20483
20855 21494
7971 16246
9548 6573
7004 17211
26289 4610
4378 1429
15924 16595
2176 5388
27778 7104
20626 20624
26799 596
7416 16783
3695 11989
6782 6932
21476 2858
9548 9547
597 6240
2684 13442
806 8220
9485 16023
5992 5989
4041 13120
23169 23167
16960 9429
14687 12345
6680 3128
27888 27886
4527 1759
7719 9321
6774 6964
10161 21675
16501 16499
27222 27387
17645 10471
9625 9623
16643 21278
18599 756
27713 11180
24160 1095
4074 7411
26895 1773
18157 8144
25702 25701
79 693
6874 8484
7436 7433
26565 26564
26908 21076
16713 27880
19973 1462
7200 8096
62 460
12234 11658
7742 7741
23167 17621
26566 26565
15921 6776
14042 9811
8683 15906
9648 9647
27889 16567
11117 15690
2074 7833
9663 17211
7743 7742
17020 1994
17076 20356
17212 9663
17168 16567
25071 25052
26986 328
11374 7129
7206 16662
3997 6009
5142 992
1118 1759
17249 7860
5933 5134
992 16846
7574 7640
4920 11502
1759 623
28053 28051
469 19694
8682 2858
4878 9290
25700 12135
848 4006
10837 10838
28054 28052
7096 20438
17479 21010
41 7095
6787 9889
11861 10486
5962 623
3308 5239
16155 6776
27891 27881
2244 1496
15732 11926
4140 25920
25701 12135
15086 14066
20994 18730
27032 1095
15969 7854
6956 7833
7416 16485
14078 5173
7073 10224
491 6369
27255 26772
11606 12043
27328 24398
7320 18768
4134 9114
16643 22292
8495 7703
7604 4383
17428 22073
6833 28034
7943 3291
11830 14533
7413 7412
16155 16058
22776 16643
20940 19145
23151 6003
3345 9484
15651 15658
7559 17823
24152 3273
23498 27775
18483 18484
17778 1928
9414 8094
2074 6776
21821 21819
15706 11658
7745 7741
23170 17621
2674 16863
6776 11177
27888 6920
6567 6573
5388 16664
7415 16353
6918 6916
2565 4389
27983 27982
6776 16137
23697 11481
25608 20938
24159 3061
1928 20578
11833 11955
1627 1253
2600 4203
1359 16485
15948 25047
20022 652
17348 8242
25703 12135
2921 502
7738 17164
24195 12553
28049 28048
20134 11446
20820 20819
6930 6782
21888 26810
11299 4707
8095 8096
27989 16513
26942 26940
20512 27204
28082 28081
21888 22645
6956 6776
18157 18152
9978 15733
17212 10425
17479 20977
2245 7430
7092 1861
24195 24194
20627 20625
16499 16496
8484 9261
21643 7129
18158 18153
19208 11258
19700 11869
1410 743
6362 5893
16500 16497
11322 13707
8009 7167
20733 18284
20505 20412
7986 12367
13194 13193
17168 27887
11354 15353
27890 27888
7178 3828
11626 3129
6794 7020
7634 1484
16129 16031
7747 23498
491 3712
20553 19521
11497 4412
206 690
6887 502
24160 26922
972 3118
16748 27156
11724 15830
17608 7634
6787 17453
7738 16480
5846 5990
24207 1635
3273 11497
7744 7743
4032 19542
13699 12439
18012 18011
26900 26897
27884 16567
992 9484
7745 7744
27990 27988
1069 8770
2026 701
11410 18793
16195 7179
28005 9394
4359 8947
5980 5962
4216 18432
2245 7240
16496 9507
7769 23498
17062 7703
6201 6195
6578 5916
7004 7336
8099 8097
28056 28054
3566 10186
1090 18664
9359 23829
16462 16460
16497 9507
2600 4062
26781 26810
11724 11727
7559 5236
17144 18214
28081 7703
17168 16213
5847 6578
11412 11497
27886 27880
18157 18155
27885 27884
7634 8649
16455 16456
24423 19149
6037 9218
7802 7064
16567 6920
5990 5988
25700 25696
26437 6970
20410 2843
3061 4169
8073 7298
8350 16323
20397 4301
5937 6098
17164 16480
5917 1839
5991 5989
20733 20731
18973 24195
11371 25172
6555 6556
17062 5995
8403 8192
6776 16058
7975 9063
6061 5904
6963 7433
17184 16952
17654 17655
19489 1831
16489 27910
26563 26564
23222 23223
11189 2011
8495 992
17063 16024
1049 1462
6241 623
11476 24592
11544 15830
20749 20451
9159 7802
27887 16567
19699 19698
27985 27984
24209 24423
1429 9187
5977 4225
20903 20774
7971 7264
24196 806
7905 8896
19958 5548
10239 1237
234 733
2090 21212
20354 21620
17203 992
19700 19698
455 701
5524 12852
15910 8883
13098 13879
21702 20871
9518 16492
11656 4528
27713 27682
6200 6197
15715 10486
1008 7710
7167 27826
22539 20698
27779 7104
17697 11335
16714 8649
8401 8402
11721 13755
17184 17989
16501 16498
27889 27880
16213 27880
27022 26983
15924 28006
16363 9394
7104 23498
5119 14766
18744 3653
455 2026
25703 25696
17646 10471
4849 16748
20734 22528
16449 9290
15593 4759
17573 17168
7334 7335
6558 6556
16538 10679
18158 8144
11412 24152
28051 28047
9429 16958
20514 21212
2921 3073
3590 14917
7350 8219
6127 6189
7073 1903
28035 16311
7743 7741
26957 3073
20780 16120
27890 16567
26481 6899
3894 8768
25415 25535
27886 16713
16059 15906
17213 9663
1700 6086
21040 21528
23695 11481
806 805
7692 8943
7207 7208
7986 13999
28055 28047
11049 11245
10047 21823
10161 21808
9499 7465
3073 11177
9420 8075
16959 16958
6994 17802
17573 27883
7095 6779
12553 806
8188 18047
12641 20432
24195 13236
6184 1345
7435 6963
937 936
25702 12135
22101 26325
16749 16595
6887 3073
16025 16006
424 15763
96 97
7004 17213
9951 5617
10047 12495
19596 4008
16678 21675
9518 7864
9734 7196
7461 6957
7769 7747
9230 6759
16714 9290
5992 5991
6717 5901
7119 6964
491 12002
24069 18730
4527 5962
16498 16496
18397 18214
27885 16213
2379 25496
6178 1162
17641 17642
21821 21818
27222 27389
73 19189
16129 16449
4074 7413
28035 16157
17759 3670
15544 6899
7414 7411
18906 24592
8553 16846
11265 20802
13131 4816
3128 12495
7436 7435
27889 16713
16213 16713
2858 20856
9400 9399
27891 17168
2212 1942
9314 9624
16500 16025
16988 20538
17020 26986
6620 6619
12134 17171
7738 17163
6101 1975
4476 6009
2608 77
25704 12135
2245 24197
6755 2090
2090 1283
1118 5962
24396 24592
24234 19426
9581 7465
12527 12528
20381 20483
17268 17266
27990 16513
11041 11473
848 4008
12527 11890
26891 8319
18158 18152
1832 7296
12188 13098
26958 20503
21448 21447
16500 16496
10186 7697
27785 6811
12672 3762
27891 27883
23168 17946
13766 3246
23168 16634
8350 3294
6195 6196
20733 14118
16492 7860
20796 24940
18154 18153
23210 1095
17574 8947
27328 1095
11072 97
12931 12774
11476 24130
28035 16003
19568 19570
597 5980
10161 21379
6875 16513
17823 7558
20886 16467
21326 21169
8449 3128
6593 6592
12495 15712
15247 7992
15775 13444
9978 1228
6066 23290
18744 6067
17164 17163
3298 7833
107 7140
15969 7424
9571 9886
7745 7743
6763 8091
26877 233
7167 2253
913 18909
26872 26870
20764 20354
4375 18604
18414 18620
7738 7740
20365 2858
1095 24398
26986 25925
597 1118
19026 690
4961 27826
6567 9549
14161 13035
7004 7335
69 4525
28056 28053
24730 24728
11794 21010
8517 9548
26325 20442
4074 7393
19700 1542
27988 17045
7167 8008
12696 7986
16498 9507
20855 20635
23495 925
12134 11517
28082 7703
12527 3455
18157 18154
26437 26626
6198 6196
21494 22693
13088 12684
7338 7337
16499 16498
27887 27880
27989 17045
16489 7179
18158 18155
76 834
2026 10777
26907 502
7129 10089
22389 3537
16959 9429
16500 16499
5991 5988
21009 20585
18973 24194
24160 27212
11806 14582
455 3118
27157 1589
15724 15719
154 8
27889 17573
19081 21139
26773 17778
7633 7119
8643 16961
20343 20436
18824 6961
7740 7739
73 693
11419 20938
6715 1975
27888 16567
16242 15915
19523 1077
14193 6790
28082 5995
27884 16713
7741 7740
16595 9394
27379 26897
17068 8531
2245 11322
1183 41
16235 4163
26941 16988
10240 1237
18157 7442
26821 7129
4857 7994
26906 10471
28034 28033
22315 11419
597 1759
676 66
8220 805
3073 26907
21463 20889
8110 8109
17479 21463
21476 20828
15974 6989
6201 6197
2921 6887
7004 7338
11072 20578
2941 4995
4090 2609
1076 4996
20780 20343
13091 12684
2951 1024
27890 27880
26957 6887
9499 9581
11824 11816
20734 22527
5968 5967
2426 19489
4007 4008
76 3834
24813 24814
5460 26843
1008 8769
9395 17453
25704 25696
26984 20575
20401 20431
6558 6555
23695 23697
25789 12822
6774 7119
20882 18260
15775 11824
7747 27776
350 403
27883 16213
25700 25698
21819 21818
6787 11258
15984 8556
6003 16137
732 733
14066 13091
26501 26735
7412 7411
9623 9624
7415 7416
2474 7986
18154 8144
111 19490
542 200
20410 21540
16643 20651
26957 7129
27887 16713
8198 10162
26824 11294
11139 27267
4428 17898
27882 6920
1670 1668
230 19074
28007 28005
19699 19700
17573 27882
26926 22718
806 24194
455 20095
16634 23167
24196 18973
18662 455
7769 27776
16791 16771
3273 4412
26845 20514
27913 7703
11762 4247
20576 22080
6188 6189
15829 4201
7436 6963
3485 395
7703 5995
20626 20625
20577 20583
6200 6199
12002 3712
2074 25937
16365 15966
2305 4407
24114 11741
10162 23362
16501 16006
3 3058
20553 21394
16811 16806
16501 16500
8398 9647
6718 5901
491 517
2379 25495
16213 27882
27889 27882
20382 20794
15965 16791
19570 19567
23170 23168
25703 25698
21374 11105
11861 12604
21492 11326
4961 2253
17622 20324
7167 250
27913 5995
6288 6289
732 844
28081 17062
3762 12551
13072 5439
27890 16713
20523 21528
26978 22080
16003 16157
16678 21808
27885 6920
4290 7867
21051 22852
10224 10225
3997 6010
8136 992
17249 16492
2231 10068
