28085 3928
16623 16624
8881 1491
4134 11497
7424 6979
27804 27793
6240 1759
8674 1198
7692 7633
1472 9756
19839 3346
27803 27797
26928 26810
27814 27806
16291 8014
8118 6758
27806 27802
8669 8667
20840 21441
25056 25311
11552 18283
992 23119
17479 21011
5175 5901
17217 17219
18041 7574
7887 9714
11476 14209
27707 26813
10434 5875
20526 20527
17667 20573
25335 22022
27807 27803
27318 14923
2074 11374
14075 11054
17102 7703
803 11439
8033 16040
17987 17810
20855 11254
21659 20762
5919 4225
15713 610
10083 8771
3894 9012
24084 23987
5854 7479
7377 7369
77 3118
6492 5929
11476 24129
5487 21277
15901 15978
17621 692
11279 11048
19153 23411
11349 2067
16290 16284
16424 16513
3566 1491
20365 21310
909 3212
16354 9889
1861 7451
10636 4382
16291 16285
8573 5710
7334 9892
11344 26983
18414 23373
20698 22538
6081 6070
6956 15984
10482 10480
456 14526
1198 17989
8726 27909
2763 4635
24867 3701
6018 6661
24779 24642
24123 24337
27808 27798
5274 21964
27371 27370
20845 20378
3542 10443
7411 17058
6474 6266
17959 7867
7746 7743
6077 6072
7416 8771
7738 7739
10495 4793
1198 992
14907 2939
21513 22463
8223 16564
27814 27796
27806 27792
16199 7283
28017 28012
4094 20575
16043 7264
27807 27793
17796 26455
21562 22620
25312 20796
25337 22021
20928 20762
26941 26940
20444 7243
25274 7300
6063 5886
490 22080
27813 27809
5995 647
6762 7464
20855 21043
4134 18554
27810 27803
27802 27799
9501 8033
20694 22666
7690 16041
9264 5051
26640 26639
16153 9359
5961 5874
25639 24430
1198 17184
14041 21640
19253 26866
8685 6772
27803 27800
16195 8538
20513 20412
27814 27809
27806 27805
26458 26455
20698 21589
20856 21043
1908 8456
200 21730
6512 10448
26926 26974
6221 6220
1908 16040
5041 2648
1645 11120
623 5962
5907 3400
17776 2632
2932 382
20855 20382
15975 15974
6787 7799
3252 21971
17666 17663
20888 7992
24991 25274
24338 24337
8796 9734
15915 17277
3566 8777
6080 6073
20452 17669
6093 7095
19214 23510
11762 13234
24867 24866
18890 4610
2522 6526
5999 77
28019 28011
26877 20530
16041 16040
6320 6319
6432 3342
24918 24917
24901 25273
22043 20668
24338 24867
8572 8570
27809 27792
20513 20510
27813 27799
17690 11353
26591 26588
16042 16041
22422 22421
972 8344
4163 16881
27810 27793
17268 15910
8649 17277
27961 27962
6780 8411
6798 7642
8669 7721
3298 7017
3385 5853
18906 14209
3252 20901
27816 27809
24940 25056
6790 9889
27806 27795
10878 67
6384 15357
27805 27799
22377 21079
24157 24158
17426 24116
25859 7426
2074 7804
17269 15910
7003 7000
6500 6528
612 610
27798 27796
27809 27805
17479 22666
9756 27846
27813 27812
7619 23712
6747 7833
21443 21445
16287 8014
23695 23696
16466 16467
11254 1527
6255 6324
4309 64
9768 7791
6000 6183
26978 11145
5839 3785
3273 4084
14526 1735
20418 749
21971 21456
17045 17347
10451 10449
6843 6844
21673 20487
20431 20430
2522 6372
6798 5152
19958 20884
13292 14672
16139 20659
22021 25334
9932 27905
27963 27962
16285 16283
21562 22276
20840 24915
8799 7412
24593 24594
6076 6070
20432 20431
20531 20553
1472 16613
27151 4140
6079 6075
16429 2827
3385 330
24337 11656
10499 10498
20855 16678
692 1491
1345 6337
21092 21380
23547 23545
6606 5332
15628 17559
27808 27795
27816 27799
4134 10662
24130 24274
15247 21022
11374 11177
3566 7697
24940 25311
27964 27962
3385 4387
23548 23546
6932 4715
22641 26777
8180 23325
24127 24125
6031 7760
7445 10224
4407 2305
21562 20856
27189 20503
27300 11294
28019 28014
7721 8667
7185 17058
20856 16678
18124 9446
382 3930
21441 24916
2074 11177
27809 27795
6104 5206
6145 6061
27801 27791
1041 18124
7766 8409
8033 4323
16221 7199
18926 2931
7171 9920
3385 2702
6492 4793
27812 27806
5236 1491
20699 20343
2074 26983
27804 27802
7244 7466
20855 20856
27815 27811
2074 16137
12555 7710
6938 7768
27793 27792
26444 18929
17215 17218
26480 8006
9813 27674
27816 27812
1346 6278
12893 23166
7426 7424
25338 25334
6796 8623
27155 27657
27805 27802
6661 1345
14511 21195
11320 909
4505 230
16447 3876
5916 6066
6190 6189
20553 9909
21888 26781
7164 8726
6584 5936
10425 17211
20741 20991
6519 10831
3966 15642
284 339
8202 16043
7424 17173
21937 7691
11476 19214
125 6847
992 8647
20855 21278
21441 20993
17595 24915
15966 15967
842 77
6001 6002
26986 26810
7875 16178
27893 27892
21310 20366
6956 16137
16288 16283
10720 10721
6833 6761
2253 3060
5460 27375
21659 20928
15909 27892
5340 10951
1155 2230
27678 11316
6776 7804
382 3246
20510 20690
8764 7156
27085 26937
16432 16678
7433 7436
8202 16020
17453 6787
25088 22023
1345 5136
24123 3701
6075 6072
24574 24282
16997 1180
15901 27893
27812 27796
16335 16336
6761 9932
27804 27792
27815 27801
11146 23373
5388 9571
17865 8165
27273 27109
6956 7663
2932 19950
5142 6806
9457 7500
6027 6525
25310 20796
8785 1329
11656 3701
8153 17331
3273 4787
16920 11369
24126 24127
25335 22021
758 5460
460 19129
6321 4793
23697 18208
8674 17942
7263 16041
6805 6941
26887 8319
26892 27273
27708 26813
3061 24157
27800 27799
7104 7768
27811 27808
6762 7244
5864 5865
8411 77
20995 24918
6302 26364
6027 6237
4770 9764
10690 4151
26858 17044
6771 6920
7424 1478
17266 17267
2271 20855
2356 18827
17062 9889
16513 3294
6994 15336
23330 23267
2892 18578
7004 10425
25425 25189
26991 27372
1978 1619
5173 3594
16291 16284
6787 16354
16243 15978
19285 18763
23172 11166
10453 10452
20903 22597
17664 17663
1180 1266
11412 4787
24436 7943
6347 1008
27371 27369
8492 17160
5919 3828
7411 17057
27815 27791
5847 6320
6077 6071
491 19214
7867 18011
17665 17664
20834 20404
27965 27964
27403 233
27085 11327
7298 9717
7412 17058
28017 28011
26814 27079
6078 6072
16603 17165
356 25670
23603 6406
6805 26408
14451 19696
27807 27792
3345 7017
27966 27965
21562 22619
4055 1551
6761 8731
26589 26588
24116 11128
20691 25135
20424 21673
21396 21689
25313 20796
27811 27798
6774 8786
11056 2356
1947 11178
17088 17215
28018 28011
15908 17053
16221 9636
6104 6102
26640 26638
9663 10425
6763 7464
1198 7649
6240 5962
17268 17267
27796 27791
8591 7581
3903 7136
27803 27799
8025 19364
13764 11833
27814 27808
20424 11177
27806 27804
3542 6519
19216 11033
1947 11299
27237 27238
17347 16513
21688 21689
2337 230
1731 2406
20054 27072
27807 27805
913 4403
11476 18906
3566 2648
17269 17267
16194 23660
405 6593
15733 1228
5493 7237
9886 9571
26820 12353
7633 8344
12855 26924
15943 15941
16020 7264
1908 7264
20466 20456
4878 16131
11497 11502
16226 7369
5152 7703
2892 11455
3566 8776
20991 20835
803 2931
16290 16286
11302 26983
26858 4709
6956 3298
5995 6787
9501 7263
6586 1221
4787 6643
9270 11531
21252 21257
21271 21270
4970 9016
20831 20818
6081 6072
26591 26587
16042 16040
9270 9810
17688 18890
21560 21638
11201 2355
8674 925
20767 20690
27810 27792
26892 27109
1861 9524
27153 27150
26592 26588
16043 16041
7167 7129
7877 9211
6512 6560
7746 7745
6077 6074
6875 16671
23081 21195
9756 16613
24866 24123
18722 14078
27814 27798
11325 17559
9425 17682
27806 27794
9518 16970
5929 5916
10161 24920
3894 5765
28017 28014
5999 9129
11167 3503
6344 6460
7129 8307
27807 27795
25268 25042
10447 6560
5880 11280
5933 3033
6970 8808
27799 27791
6546 4279
25337 22023
27809 27804
26941 26942
11794 21011
992 7017
16678 8307
27813 27811
7633 6793
21888 22383
6762 7466
9360 7236
8198 2141
8531 17068
27810 27805
11177 19767
8198 17682
27802 27801
3294 17347
1947 2141
17619 5828
992 3346
1947 17682
4134 11502
1759 5962
6792 16470
17621 16634
25336 25334
23042 11566
27803 27802
11374 1478
27658 27155
15946 15941
21092 20993
26458 26457
17101 8876
11220 11219
2599 27672
22621 22620
15924 16038
17042 11041
1345 5577
16285 16282
8764 8765
7416 7415
20432 20430
1645 96
17102 8876
10499 10497
17666 17665
16286 16283
7117 7118
3370 8459
6788 8111
4375 18186
20643 20729
6776 3298
15947 16179
6080 6075
1747 8710
6072 6071
6063 9549
8769 1008
24940 25310
27964 27961
23548 23545
8570 12727
7955 4812
28019 28013
21441 24915
1478 7804
11327 11178
27809 27794
1008 41
20513 20512
19153 10849
27801 27790
24916 15949
3876 16445
27813 27801
21276 5487
12495 12454
19208 284
3324 6663
6027 1345
27810 27795
10450 6560
2997 2067
3273 690
27802 27791
6956 2074
2008 18851
6956 6769
6340 6500
11377 26841
24062 11729
11327 11299
2402 1628
21311 22828
10224 1903
26949 27731
27808 27807
27816 27811
6319 4793
9078 20430
23695 18208
1153 14666
27805 27801
11408 11409
23983 1758
10025 17271
16285 8014
21900 22962
6190 6188
17803 5531
25859 25858
17088 6797
6798 5141
22022 22021
27809 27807
23696 18208
12454 6880
2997 11349
3653 18744
26781 22383
4878 15908
20438 200
17068 1491
25054 25057
20767 25859
6255 6326
20365 20366
20834 20436
27658 10089
7619 7620
2648 2277
16288 16282
11052 756
17187 9849
16432 22828
26933 27211
17160 26456
21565 21445
5897 2273
17057 17058
16289 16283
6093 1839
17271 9290
6031 6028
2090 7238
20490 22962
20855 15247
16044 16043
6075 6071
27813 27791
16708 7721
7467 7464
2649 2277
26937 27037
10590 6036
6184 5340
7991 16509
3930 10484
17669 20447
5175 6717
3294 16424
20840 24917
6734 16509
16239 8819
6076 6072
11196 20749
1801 18511
6079 6077
16771 3612
7558 3566
18262 2387
27816 27801
10226 10225
22828 15458
27808 27797
3982 9218
24337 3701
16243 27893
26638 26633
23696 11481
27805 27791
6302 6765
25311 20796
28016 28011
8786 1329
8456 7690
26892 27272
1472 9417
28019 28016
16634 10781
67 18824
6322 4793
21589 22538
6777 9129
27801 27793
26893 27273
6905 17271
9723 9725
25272 25270
27812 27808
11374 11378
6798 16507
27815 27813
3214 11044
10205 1628
16044 7690
18926 803
734 1732
6184 10951
27816 27814
22596 22404
20375 22212
25338 25336
27805 27804
21079 8035
23331 23267
26507 8110
6532 6529
7171 8093
16778 17978
2402 3522
8411 9129
267 1155
12555 1008
8726 16194
6875 9528
18594 27166
20424 21057
2074 1478
27815 27790
5847 6319
17697 4140
17665 17663
11494 24188
6905 17778
7412 17057
27816 27791
6078 6071
6805 26587
7470 7464
2932 5566
6606 2026
8623 8346
27966 27964
10480 10476
16288 16285
7156 8765
4787 19026
25337 25088
9501 7043
26589 26587
1008 7317
3252 19656
11344 27403
11169 11043
11056 7639
17088 17214
27811 27797
16302 6771
6592 6593
96 267
26641 26633
382 1527
8 154
9499 7118
6075 6074
26875 233
17959 9370
27147 7782
18554 11502
16634 17946
27812 27798
7320 98
25663 25639
27804 27794
2074 6824
17992 21561
27796 27790
11043 11497
27081 27170
23291 7867
16020 9501
11364 4084
18604 23108
27815 27803
28014 28012
5929 4793
1214 6231
10487 6291
25056 25312
19189 19188
5901 6717
1829 18024
21308 24356
7692 8344
22158 21494
25335 22023
26947 26946
2253 16136
27807 27804
6887 11177
20365 8682
2356 11353
9728 27707
2951 24251
17269 17266
1944 2140
27893 15978
405 6592
6444 6443
2941 1197
18745 5332
7677 456
9146 6828
6371 17713
17300 16881
15909 15978
27811 27810
11340 11203
25269 25168
27114 11374
17214 7509
10285 1624
27154 7129
9663 16853
4848 6833
4878 9714
2648 20170
21677 20524
18025 1829
284 27657
19208 339
27085 27037
15947 15946
1346 6018
7302 6329
1908 8202
16290 16285
26364 26459
23330 23269
25270 25168
20765 20378
7854 15967
9571 9572
1153 15359
20699 20698
16291 16286
9310 27961
4970 9015
16283 16282
6337 3324
11374 26863
24581 6606
1668 19516
21272 21270
7155 7154
7840 2827
26592 26587
16043 16040
1095 26793
27815 27793
6077 6073
20372 19521
26893 27109
2356 4168
1348 1346
27814 27797
24991 7300
17824 5236
14271 24341
2603 11364
14075 14078
6291 10648
20361 22666
6063 4225
6078 6074
803 7144
24129 24274
3876 7702
7470 7467
992 3633
24398 26793
23546 23544
27807 27794
3246 1527
2074 19767
6798 16837
8384 7887
26459 26444
27361 11120
21562 22621
27799 27790
11146 27013
21112 22421
24129 24130
8570 8571
17240 21021
10448 6560
5919 9549
1180 6578
17763 17764
21117 5274
27800 27791
27811 27800
8883 15978
2245 2243
17088 17217
7117 9499
2355 803
27810 27804
7451 9524
3041 1359
24081 14555
25274 25273
27137 7704
26367 6331
16153 9360
6763 7466
16302 17296
8456 8033
1348 6018
27803 27801
27155 10089
27658 27154
27814 27810
16283 8014
18280 4031
25272 25168
26458 26456
25313 24940
23373 27013
21009 20765
16179 16178
17504 17810
6828 9145
25072 18763
16020 16041
1908 16041
16044 8033
7574 18648
21723 6787
16728 17296
16284 8014
2271 11254
16603 4878
7992 20887
24867 24337
15946 7875
14511 23081
16286 16282
20425 20835
10449 10446
77 9129
20425 20426
15947 16178
6372 6511
16287 16283
16513 6875
1903 10225
6765 26364
16290 16288
21560 17992
20774 16674
24901 25274
6791 6759
20513 20511
5041 1314
18631 17713
7719 9329
21271 21272
20731 20733
27813 27800
6081 6074
26591 26589
1994 27052
6073 6070
20489 11177
27810 27794
27254 27198
27802 27790
4045 2517
24917 15949
26592 26590
6074 6071
6828 15924
9725 7768
6773 8669
6077 6076
10451 6560
27803 27791
16354 7799
27814 27800
22189 20764
18025 18024
27806 27796
6945 16100
9412 16024
3742 6393
9275 7424
6000 5340
20431 9078
27799 27793
14923 27324
27798 27797
6644 4853
27809 27806
16286 8014
2356 7639
6950 27145
6956 9140
16447 7702
10636 10635
4134 3246
6762 7468
16043 16020
22621 20695
6920 17296
27810 27807
2931 11439
4163 8084
8180 8181
20436 20425
7426 27375
16243 15901
17045 6875
15946 15943
17160 26455
7796 18283
10025 9290
16289 16282
10452 10446
27371 27063
9833 16853
6757 15998
20994 21591
6994 10312
27813 27790
17479 20694
24866 11656
16285 16284
20409 20937
3324 5340
6076 6071
2271 20382
18012 7867
6079 6076
4743 2140
12479 11531
1529 19516
16286 16285
10226 10224
27814 27790
8726 7199
7320 6811
26638 26632
3566 6795
6080 6077
24940 25312
27964 27963
23548 23547
21823 21307
7986 5439
10083 27967
5886 4225
7469 7464
7445 10225
6776 15988
26639 26633
26908 7424
28019 28015
2023 18186
11494 14555
9366 17889
13766 10777
20750 16140
27809 27796
6948 16100
16880 9417
27801 27792
20855 21675
758 27716
3633 1902
6956 6915
1700 6049
7424 23119
27813 27803
25272 25269
1472 6828
6966 6965
27810 27797
7244 7467
21230 20834
27802 27793
7093 8726
27114 11177
16323 6875
18851 18744
20576 20575
17215 17219
22763 20445
20840 20993
27816 27813
6443 8766
17667 20763
16058 12727
25338 25335
6796 8624
27805 27803
6661 1346
6003 16981
11254 22693
3246 7095
4474 652
11377 23172
7264 16542
7862 6734
22022 22023
6905 9290
16641 16467
10285 6243
12479 9270
2245 11338
125 6848
22404 22619
913 4074
21092 24898
19696 24783
3633 17047
17595 24916
22212 20728
6918 9116
27816 27790
13766 13764
8674 992
693 4187
6875 10057
14078 4353
7875 16179
7975 3614
7703 5141
16288 16284
16828 22156
4848 16003
22189 21009
8557 15984
21560 21561
15909 27893
8624 8346
22463 21514
10481 10476
16289 16285
10815 6529
16682 7320
6784 7171
9549 5886
16880 9636
7799 9889
7744 7738
11062 6406
26641 26632
27813 27793
5847 6066
6075 6073
11170 11043
7467 7466
27812 27797
25056 20796
20447 21461
11344 233
27815 27802
6771 17296
28014 28011
23431 17331
6076 6074
5388 9572
1346 1345
1001 524
24493 15700
27816 27803
27155 27154
41 4652
20095 11481
27808 27799
3246 5917
28015 28012
17595 20993
26638 26635
27805 27793
10636 6126
10424 6801
27967 7412
6321 4794
27109 27272
1529 1668
6444 6442
6776 6915
2818 5592
20765 20845
25189 4822
3061 24158
27811 27809
16273 16668
6560 10445
27801 27795
9359 7236
15974 15963
16031 16268
7581 8776
15090 20489
27812 27810
12998 12076
7140 1491
490 2011
20511 20412
2074 11302
11177 7424
26456 26455
7426 5460
7854 15966
20774 22857
3742 6183
22476 25608
11076 21076
2047 19161
8009 7129
8180 2023
16282 8014
21397 12813
23331 23269
21445 21075
25271 25168
26457 26456
26364 8558
27080 26813
758 7954
7402 6945
6004 6003
15910 17267
22620 22619
10690 10725
20452 20447
3273 6643
11327 27375
8808 26437
14075 18422
9648 8398
24093 12974
6548 5874
27815 27792
18099 8881
9427 6938
6027 6251
5901 2011
7877 2335
10240 3291
8819 16509
6956 8557
1839 7095
6047 5857
19285 25072
27816 27793
8726 9636
6078 6073
6805 26589
7470 7466
17187 9409
16022 21092
11227 11050
11353 17691
17992 21442
27708 27707
22620 22596
10205 2402
20511 20510
21009 20378
27153 27076
27800 27790
6787 647
17088 17216
27811 27799
28018 28012
2245 2242
2273 5867
26641 26635
20512 20511
6747 16268
27812 27800
6167 9277
11177 20575
27804 27796
8769 41
27796 27792
8178 7264
27815 27805
4031 3939
16646 16647
7509 6797
20438 21730
7140 9932
24522 10626
26928 22383
11412 6643
3346 1212
11045 2011
27217 27181
21009 20764
21057 20575
27844 16613
24991 25333
27807 27806
5957 6699
7017 15984
17269 17268
21562 22404
16020 16040
14193 23652
5493 7238
9886 9572
5897 5867
8456 9501
27152 27173
7244 6763
8492 26456
1198 23119
5076 12813
15247 25809
16513 16323
10449 10445
17216 6797
7991 7451
11245 1110
17315 10186
6018 6278
11377 27716
7642 16837
1730 7178
2074 26810
16287 16282
6004 7017
1944 4743
25859 20690
16290 16287
18414 16466
9501 7264
1153 3612
10450 10445
16291 16288
9310 27963
16131 17053
10806 6028
8456 7263
6081 6073
3371 9805
8881 5420
20425 20991
8093 9920
4878 7887
5174 6717
4387 330
24054 24735
96 24022
23103 21278
1359 9723
16043 16042
6074 6070
26592 26589
8808 7421
21311 15458
15910 16452
6077 6075
11374 6979
17067 4207
27803 27790
10497 10498
7991 17227
4787 18730
24918 15949
27814 27799
21561 21002
7943 1237
21044 20855
758 27375
16199 7286
28017 28015
11605 2418
2023 4375
6078 6076
6762 7117
17992 16979
27807 27796
27799 27792
1348 6308
7447 8388
6960 6958
5041 17047
20432 9078
23332 23330
5460 7954
27800 27793
21230 22564
7140 8731
19452 1330
17088 17219
6762 7467
5976 1311
27810 27806
6093 5917
17045 16323
8557 7444
9140 3298
11456 11455
6776 8570
7703 16837
25336 25335
17216 4163
16432 15458
24581 24642
18317 17799
27814 27812
11361 5332
8198 26844
1069 8182
6801 10060
1947 26844
19033 19174
7769 7104
8551 9849
10452 10445
17621 5236
25111 25109
1908 16043
10453 10446
6337 6663
9 2167
6874 9528
20855 4844
26832 1794
972 6793
8570 8406
8182 8181
17031 5141
21212 20802
17861 17942
15910 9352
20926 21348
24940 20796
3246 6093
16286 16284
10240 7943
2544 2145
19214 18589
6080 6076
16287 16285
10449 6512
6190 6127
22178 22208
7742 7738
7576 1024
26639 26632
18789 18790
3291 7943
26978 11194
2090 6755
1908 16020
21212 20514
3498 1182
27716 27375
27813 27802
7794 20436
6081 6076
6073 6072
15916 1001
17042 24381
2141 26844
6966 6964
27810 27796
2023 23325
10575 8006
27802 27792
22153 22156
27324 19537
26640 26632
28013 28012
20926 20687
16646 16195
27892 8883
4878 8384
2023 7640
6438 7747
11033 3800
6956 7444
8037 3346
27803 27793
3762 15642
26820 17559
27814 27802
27806 27798
1668 1670
16243 16335
4425 3828
5880 5915
20364 11794
16920 7803
15909 15901
9125 7073
19839 1212
4290 18012
4425 18960
7283 7286
10240 24436
16432 21311
27375 7954
1628 407
18000 2513
1627 1345
10635 6126
21494 19459
24917 21441
16641 16466
1746 399
10285 6242
20836 18290
17044 25859
27809 27808
7264 7043
6475 6474
6762 7470
7377 16225
27810 27809
21462 21461
4505 2337
11054 4474
4134 1527
20577 21858
26877 17778
24803 24838
6790 17453
20424 4094
21443 21075
26364 6941
17160 26457
26986 22645
9499 9920
16289 16284
11353 4168
10452 10448
6827 7577
11177 9275
3273 19255
11129 26991
27813 27792
18238 21157
27892 16336
10635 4382
10482 10476
10452 6512
17662 17663
7129 27657
7745 7738
7140 6761
20840 24918
16639 24920
27658 7129
6076 6073
22464 21513
24866 3701
1686 17479
6970 26437
16335 27892
6079 6078
71 2230
11227 11203
7746 7739
8202 7690
27816 27802
11254 20382
28015 28011
20733 9781
26638 26634
6080 6079
6776 8406
26835 11378
27805 27792
8573 7453
11049 1110
17045 16424
28016 28012
20746 21914
1731 3522
17187 8551
26587 26588
2271 24935
15988 6915
26639 26635
28019 28017
21642 23103
7320 15974
24152 803
25088 25334
6322 4794
27809 27798
9518 9766
27801 27794
8624 8623
17212 17211
2047 10817
27813 27805
5013 22274
25272 25271
27812 27809
7244 7469
27802 27795
27815 27814
25054 25048
27794 27791
9663 17296
18827 11033
18648 18121
7320 6790
2355 24152
20840 20995
27816 27815
4187 3594
4284 3118
14451 24100
9663 9833
20512 20412
25338 25337
26129 15924
6384 4746
26457 26455
5995 9889
18612 3273
23241 18041
11377 27375
9889 647
15910 17266
6762 6763
14041 11369
3566 8881
9066 8158
17214 6797
23269 23329
11051 11340
798 2549
19894 18763
20372 20373
7017 7663
6510 6026
21230 20404
6847 6843
20410 20485
9034 17479
7178 4319
27816 27792
6805 26588
7875 3758
10480 10477
16288 16286
11084 4993
25425 4822
6003 7017
17778 27147
16289 16287
11494 24081
8456 7043
7744 7740
27716 5460
26641 26634
9427 7768
20512 20510
9034 1686
6006 5975
11254 4134
21044 12377
27167 17066
26590 26588
26928 21888
23990 19426
21057 4094
27804 27795
27812 27799
2103 11498
27815 27804
28014 28013
7703 8876
17045 3294
6606 11080
491 18589
27273 6961
6970 7421
16044 7043
27816 27805
23603 18119
27808 27801
17824 1491
28015 28014
8232 21270
27114 6824
9959 925
9728 27708
27805 27795
7264 16040
5612 693
21642 20855
27797 27791
16402 9725
16302 16728
17621 10781
15713 612
3566 1372
21271 8232
7510 3614
10083 7412
8492 26455
26988 1994
3246 1839
21733 21732
552 6153
25312 25310
27658 284
22158 20749
9125 1903
6824 19767
8731 27905
6755 9230
11254 21494
4062 4204
26912 27375
20331 20447
20734 21475
20884 21154
22962 21297
758 7426
17217 6797
7704 27135
6254 6324
2245 10777
6251 6664
18631 6371
2140 552
16041 8033
16291 16287
9310 27962
11147 11195
20430 8267
25663 4311
20460 20453
10451 10445
2230 73
21560 16979
8649 15915
21562 20695
21460 21242
22801 21092
27334 27225
5174 5175
1221 6145
16323 3294
27815 27794
16284 16283
20780 20436
6784 9499
21276 21277
6078 6075
6548 5961
11493 24004
6070 6071
7470 7468
242 25459
27808 27791
23546 23545
1153 1373
1624 6242
6788 9734
8592 8591
6763 7117
18000 18001
21112 22422
18744 21308
12687 24069
11056 11170
21397 21688
23332 23329
27800 27792
19656 20901
972 7633
8202 8033
27811 27801
17088 17218
28018 28014
6549 5961
7426 27288
26641 26637
27114 19767
6589 10729
27137 7705
27812 27802
27804 27798
26877 7782
27796 27794
20855 20852
11219 11169
5968 15980
27815 27807
27814 27811
20545 20546
5612 4187
5999 7107
20361 20694
9723 16485
16408 16188
992 3647
19839 992
11170 11169
6920 16728
16058 8570
4382 6126
6757 8219
6473 6474
25337 25334
16020 16042
1908 16042
27154 27657
10453 10445
11377 5460
20577 16678
22158 20451
7581 18279
20465 21461
16453 16195
8182 8180
4094 11177
14289 13764
21009 21561
10449 10447
9501 16041
16678 12377
20780 20426
6874 10057
5227 3041
3060 1917
6061 6650
17479 20764
16287 16284
8456 16040
6798 7703
16290 16289
8084 17300
7991 9524
16678 7129
6787 6790
6734 9524
1183 4652
24574 26866
18827 11353
7117 8093
22621 22404
16643 21022
20410 22814
7743 7738
6322 6318
16291 16290
6787 21922
3252 21456
1471 15672
19426 24221
6081 6075
26591 26590
27811 27791
6073 6071
8819 7991
16221 8726
6661 6278
22645 26818
26892 6961
28013 28011
26592 26591
5285 399
6074 6072
267 24022
2383 2698
9146 9145
17788 3969
5174 5901
26508 26448
27803 27792
6833 16003
27814 27801
27806 27797
17987 17504
8300 15998
9636 9417
24338 24123
6125 3
21322 15209
26636 26633
8519 7442
4290 18011
27807 27798
24159 24157
1861 16509
17992 21002
27799 27794
3894 6936
16613 9636
10854 10859
16242 17277
5388 23652
11327 26912
18071 357
6320 4793
7054 6329
6475 6473
20584 20585
1095 1928
9290 16449
27792 27791
16453 16185
6762 7469
24918 21441
27810 27808
27844 9636
6664 6525
11497 3273
8796 6788
16970 9766
15901 8883
6774 1329
20436 20426
18827 4168
3060 16136
9140 15988
8819 7451
14451 24783
10089 27657
8084 16881
10452 10447
10700 749
8153 9841
7794 20834
6664 6237
1345 6663
6773 7721
11374 19767
10453 10448
6845 6843
17165 4878
26459 1700
3894 8346
25459 25528
7017 6769
20524 4975
10453 6512
21117 21964
17102 17101
7746 7738
9559 5332
10478 10477
27814 27791
2648 8886
27893 16335
7468 7464
20444 20443
6080 6078
7379 17106
20447 20448
17044 4709
7742 7740
7320 17285
7445 10226
26639 26634
20840 15949
27809 27797
6344 6538
10575 26480
1700 6050
27813 27804
16058 8406
6081 6078
6776 12727
23172 20938
15901 16336
10285 10697
27810 27798
5388 14193
7244 7468
27802 27794
17213 17211
25226 25568
26988 27052
27794 27790
20495 22043
26908 27288
3894 8624
2253 1917
27803 27795
27795 27791
27806 27800
16221 7093
20734 21278
20170 1314
20995 15949
21396 21397
27272 6961
5935 6081
6442 6443
1069 2023
27967 8771
26364 26528
6902 7596
2245 5332
12076 13942
16242 8649
6290 4853
6755 6759
16226 16225
1269 1266
9549 4225
6644 6290
6848 6843
25858 20690
16225 7369
26458 17796
7467 7117
9140 6915
15963 6811
3612 14666
8551 9409
6868 5854
1730 6584
26591 6805
11463 11212
3237 8947
10481 10477
16289 16286
26437 7421
26459 18929
6513 3182
20729 20538
7744 7739
20530 27239
27375 27037
27813 27794
10482 10478
3566 7581
9 19254
7690 8033
19285 19894
7745 7740
26590 26587
19958 21154
6076 6075
26835 233
21044 21043
6087 6084
7862 8819
9865 21849
23544 23545
24160 20659
27816 27804
22158 19459
9414 16171
27808 27800
28015 28013
1491 8531
7468 7467
26638 26636
26877 27147
24078 14555
18824 14287
22801 20993
27805 27794
26841 23172
27797 27790
2355 7144
28016 28014
1493 992
12998 13942
16682 1327
7424 27288
11413 27403
842 2608
10446 6560
26869 11378
27798 27791
25088 25336
382 11254
11254 24935
17068 5420
14907 8391
27801 27796
27809 27800
5134 1183
15909 16243
9275 3073
16678 21858
1645 24022
27812 27811
4425 6650
3298 7663
8819 6734
27794 27793
6797 17219
6774 10411
25313 25310
7875 15941
16335 15978
20774 22858
25335 25334
1010 1001
62 30
2522 6511
7073 7445
7690 7264
4187 5173
11201 7144
7705 27135
992 1212
8726 23660
20702 26810
6145 3828
16042 8033
2402 407
15975 6811
27904 8538
24100 19696
7470 7117
24345 24073
21002 16979
623 1759
23267 9815
20431 8267
20774 20764
14511 23042
2271 863
18905 18925
16636 21051
6721 2648
21561 16979
16284 16282
6847 6845
20409 6787
10447 10446
6079 6070
2277 3566
8786 8785
27816 27794
27808 27790
6956 7017
24917 17595
10480 10479
7692 6793
17031 6798
11129 27369
15946 16179
7558 17824
11377 20938
7426 7954
11120 24022
2629 9359
7117 7464
28018 28013
27809 27790
7744 7742
20767 20882
16302 9663
26641 26636
8769 4652
5509 67
20489 20937
11529 24077
24915 15949
27812 27801
3828 6650
8531 8881
27804 27797
27796 27793
27815 27806
4134 11043
8120 7769
8198 1947
1686 21011
20774 17479
6784 9920
26634 26633
6955 6769
11220 11169
7238 7237
16031 9290
27318 19537
27808 27803
27816 27807
1730 5890
8202 9501
20855 22693
7140 27905
6773 16708
8232 21272
21051 25228
27300 27216
27805 27797
7772 7064
27797 27793
21562 22405
6805 26459
10424 10417
9732 7974
3940 6194
11201 803
25546 4160
2406 3522
23269 9815
20855 12377
21522 22454
24670 25400
22619 20695
8492 26457
21733 21734
7424 14050
21009 21560
20364 20361
9501 16040
20780 20425
6790 9419
20489 21673
972 3071
1327 7320
15988 3298
10025 6771
909 11353
16678 21043
8202 7263
1197 4995
6254 6326
21044 16678
9518 16128
18414 16467
7769 11316
7335 17211
11476 491
9065 26885
1624 10697
10450 10446
10205 407
20856 22405
16291 16289
23990 24221
7862 16239
20852 4844
8456 7264
9310 27964
6956 15988
27811 27790
16128 9766
7118 8093
17621 1491
26810 22383
19950 5566
7442 15918
20409 20489
27812 27791
21560 21002
382 19950
6027 6664
23042 25241
7466 7464
21562 22274
27815 27796
6183 5340
3758 15966
9034 21011
5285 1746
6875 17347
9663 7335
5847 5916
21971 20901
19510 20728
17212 7335
21044 20856
16044 7264
10697 6243
26893 6961
28017 28016
19656 21456
26636 26632
6078 6077
1069 18149
27808 27793
20409 21922
27807 27797
7199 9636
9211 2335
14287 10324
25338 22021
26637 26633
6920 9663
6061 6518
6941 26459
15479 18602
7467 6763
23332 23331
27800 27794
23330 9815
27792 27790
27811 27803
28018 28016
1491 10186
25270 25269
16195 16185
17214 17216
15978 16336
17315 7697
6964 6965
12517 20886
26928 26781
552 1944
6018 1345
8396 8394
7642 7703
21909 17785
20774 21009
25271 25270
27804 27800
6166 6167
7468 6763
10495 6796
22564 20834
20993 15949
2049 2047
8971 5592
27793 27790
5915 11280
27814 27813
20424 20487
7574 18121
16043 7690
6782 4715
21640 7803
17068 8881
20888 20887
27844 9756
1686 11794
6905 6771
2023 8181
19253 24282
24916 20993
1758 24242
16243 8883
382 4134
25111 25110
25337 25336
7442 8144
1908 16044
11177 3073
10453 10447
21723 6790
5076 20954
23151 23152
20495 20668
25410 25442
1076 1289
19895 19706
10478 10476
7509 17215
8033 7043
17861 8674
18414 7129
18022 18799
15247 4844
16287 16286
13944 2513
11344 11413
7244 7117
7742 7739
6321 6319
6127 6188
27063 27369
7263 8033
20514 20802
8519 15918
14923 19537
10479 10476
8153 25803
6212 6677
7743 7740
23332 9815
24123 11656
15901 16335
6081 6077
26885 26810
27811 27793
27323 10677
7433 7434
6251 6525
7345 16855
11327 26937
21043 12377
2245 11361
7424 1198
27109 6961
26640 26633
17216 17215
2648 1314
7171 9499
18824 26863
11327 1947
7470 6763
3894 8623
20856 21675
27803 27794
27795 27790
9778 16148
25794 25795
21441 15949
27814 27803
27806 27799
16243 16336
17217 17216
5933 11404
22464 22463
22596 22619
26636 26635
5839 6701
9034 11794
6251 6237
4425 976
3566 8156
23404 5939
24697 9425
27807 27800
27799 27796
18422 11054
17479 20864
1345 5340
6790 7799
25311 25310
2090 5493
17088 7509
6184 5136
8396 8397
7004 17212
8196 7289
18208 11481
27101 5887
16153 7236
7510 9063
15969 15966
23697 23696
10452 10449
22377 8035
3742 6000
25048 25057
8819 9524
26592 6805
19026 18730
20424 20575
7574 23313
22022 25334
10482 10477
10453 10450
7745 7739
7164 7199
18554 11043
11476 24512
11787 13442
22645 26810
15943 16178
6874 16671
22464 21514
24338 11656
1345 10951
16429 8115
6761 27905
7746 7740
7509 17218
27814 27793
6340 6528
27965 27962
7468 7466
2522 6268
7350 15998
28016 28013
1491 10781
3653 41
7469 7467
7690 9501
26639 26636
28019 28018
2090 6759
9663 7004
27798 27790
24436 1237
25088 25335
27809 27799
9663 17212
4452 18712
27081 11147
27813 27806
5013 22275
10487 10648
7500 16207
27713 23172
27810 27800
8674 23119
7244 7470
7803 11369
27802 27796
27794 27792
16041 7043
6797 17218
11413 233
17216 17218
11211 1330
17101 7703
23042 23081
18111 692
27795 27793
11041 11472
22404 20695
17688 4610
992 7627
18099 8531
20687 21348
27154 10089
7690 7263
6061 3828
23887 20140
7703 16507
17634 11320
5388 9886
5842 10471
6512 10445
8084 16235
16195 27904
6875 3294
16429 7840
8771 8799
17531 992
16043 8033
16031 6747
5122 7148
9015 9016
9815 23329
6847 6844
10447 10445
7073 10225
26898 20578
20489 22536
20432 8267
5041 3633
24866 24337
7415 17015
142 1198
20995 21441
6848 6845
8202 7043
10448 10446
6080 6070
10480 10478
6644 2765
16042 9501
10649 6006
6549 5874
4425 6518
16288 16287
8674 16981
1668 18769
3876 15910
19894 25072
6549 6548
26458 17160
5917 7095
15946 16178
6734 7991
7434 7436
24918 17595
10481 10479
16289 16288
27658 27657
25859 5460
6770 6144
2402 1731
9098 7185
7744 7741
27166 17066
1010 15916
22422 20841
16970 16128
27813 27796
16636 25228
5152 7642
6874 6875
1491 16634
26590 26589
7745 7742
27810 27790
491 24512
1686 21010
2522 6644
19958 21156
26634 26632
26893 26892
5847 4793
6087 6086
24493 26994
23129 27240
16042 7263
25336 22021
6141 8766
27808 27802
26635 26633
27816 27806
26869 233
22536 20575
20186 756
6948 6945
27805 27796
9078 8267
27797 27792
27967 7415
1346 6308
17219 17218
24356 18851
17062 647
6757 7350
4794 4793
27798 27793
26812 7691
27809 27802
2245 2026
20573 20763
27801 27798
6141 6443
6805 8558
2684 11787
25312 25311
26459 26528
26858 25859
7017 8557
20702 2074
27716 7954
11412 3273
15090 20937
9159 7064
3273 11364
6734 7451
22620 20695
25313 25312
20331 20448
8115 2827
16044 9501
7875 15943
26401 8623
19452 11211
21642 21278
7597 7596
24068 11896
16424 16323
22857 22858
22778 6844
1345 3324
7402 6948
23210 1928
10451 10446
5612 5173
27372 27369
17479 11794
6242 6243
17062 7799
7415 7412
8456 8202
7164 9636
27812 27790
6027 6663
27815 27795
21513 21514
25803 9841
9034 21010
16467 16140
6079 6072
5995 7799
16044 7263
24916 24915
26931 20578
17778 7782
27816 27796
27808 27792
7470 7469
24078 24081
21598 12963
17213 7335
1624 6243
7740 7738
24917 24916
16302 6920
16044 8202
26637 26632
3058 6204
11129 27371
9275 17173
21397 21689
23291 17959
16139 24160
7741 7739
11338 10777
27811 27802
7117 7466
28018 28015
6776 11374
17214 17215
26641 26638
16447 15910
23331 9815
735 5857
3346 3345
27812 27803
6184 5577
18280 18586
8592 7581
25271 25269
27804 27799
806 13236
27796 27795
21221 22222
11043 11502
4474 756
18578 11455
27815 27808
8397 8394
7054 7302
11989 11991
6321 5847
6833 8731
27808 27805
7469 6763
6790 16354
18446 25421
15908 16131
15247 20852
3647 8647
3071 3118
25337 25335
27797 27795
23431 8153
17824 3566
12495 6880
7558 5236
22539 22538
24917 20993
11473 11472
6784 8093
7975 7510
8202 16040
8796 8111
2937 7095
27114 2074
22021 22023
20490 21900
125 6844
382 5566
10449 10448
490 11286
8456 16041
26949 2271
6321 6318
6145 6650
20774 22189
1008 4652
14567 11041
10450 10448
8777 7581
7743 7739
6322 6319
9310 27966
10806 6031
22778 6847
27811 27792
1627 5340
10450 6512
7772 7802
16044 16041
8881 4785
18554 11497
10878 18824
11377 7954
27812 27793
6074 6073
16020 7690
1908 7690
6240 623
24867 24123
27815 27798
28017 28013
9340 26947
27000 27240
17979 16778
22040 21003
20855 7782
17217 17215
24152 7144
9978 7986
7597 6902
26636 26634
11051 11203
2723 10010
22539 21589
11361 9559
16179 15941
7769 7768
10797 10798
24159 24158
27799 27795
27807 27799
11922 12076
25338 22023
27893 8883
2023 18149
26637 26635
16647 16195
22212 19510
5961 6433
6320 4794
15909 8883
1645 267
24697 17682
2152 17067
27800 27796
284 10089
27811 27805
16880 1472
17214 17218
3291 24436
1700 18929
1345 6278
20995 24915
20855 21494
16624 9359
7004 17211
18827 19216
5919 6063
23041 21319
26289 4610
15947 15941
6340 2529
20741 20425
23431 9841
6782 6932
2435 6551
20424 20489
9524 16509
6145 4425
22276 22275
2684 13442
20510 20412
7690 7043
2629 16624
6606 24642
3598 22493
16335 8883
8037 19839
14078 9937
22276 5013
26991 27369
5854 4069
26995 26994
21456 20901
11509 27721
24078 11494
8674 9959
14041 7803
10453 10449
6845 6844
18599 756
23267 23329
22023 25334
7017 7444
11552 7796
26895 1773
976 18960
11129 27063
15965 17055
27814 27792
21562 20774
26565 26564
26912 26937
27893 16336
27965 27961
6846 6844
10446 10445
21009 22962
690 11054
15909 16336
26937 27375
7742 7741
5854 6935
7469 7466
20382 24935
26908 7426
9648 9647
27966 27962
8557 6004
23269 23267
10479 10478
27813 27807
6084 6085
8683 16171
9663 17211
7743 7742
6081 6079
26898 26931
27811 27795
20489 20487
26810 26818
24581 24779
17213 7004
5853 330
27810 27799
17213 17212
3058 5873
5388 7549
26640 26635
5933 5134
11353 18037
952 17713
3566 8531
6166 9277
2277 1372
67 14287
27803 27796
5853 4387
24901 24991
16042 7043
27795 27792
27814 27805
18041 18648
27806 27801
17217 17218
11177 17173
25056 25310
17479 21010
25639 4311
6787 9889
21640 16920
16198 14466
6268 2765
491 23510
19826 19706
27807 27802
27799 27798
10711 6268
3298 6915
6122 6619
21009 20845
1700 26444
4474 690
5999 6777
5916 4793
3598 21027
21732 21734
21009 17992
3758 8184
3894 6796
25313 25056
3 279
7073 10224
8178 16542
4301 20397
2356 11472
8182 2023
8033 7264
21562 20764
11201 24152
6848 6844
10448 10445
17215 6797
5919 5886
11327 27037
7320 18768
142 7649
7416 17015
1182 3370
4062 6236
7604 4383
16290 16283
8883 16336
21971 19656
552 4743
10481 10478
16043 9501
21009 21002
21591 21092
10452 10451
27370 27369
242 25528
6811 15974
27813 27795
7095 7251
9412 7676
10482 10479
8384 9714
1024 24251
2074 6776
10444 3542
7745 7741
6776 11177
5577 5340
21057 20489
6518 3828
6644 6268
11320 3212
6087 6085
5388 16664
26448 8110
7746 7742
15980 20119
24338 3701
6349 6350
26635 26632
23697 11481
24574 19253
27806 27791
27814 27795
24159 3061
26638 26637
21562 17479
27183 27254
22801 20994
11215 17275
16043 7263
294 7085
7164 7093
28016 28015
1359 16485
5935 6072
16020 8033
1908 8033
26639 26638
23330 23329
6460 6488
10161 18357
27798 27792
3930 19950
6412 6411
27809 27801
5847 6261
27801 27797
8674 6003
21888 26810
27813 27808
6253 10704
5866 5865
23331 23330
18041 18121
27810 27802
26942 26940
27802 27798
3104 3103
7690 16040
25313 25311
6956 6776
13944 18000
17212 10425
16643 25809
20489 20575
7155 9874
5577 10951
7444 15984
3566 5236
3209 24066
23332 23267
26508 8110
21562 22596
20994 21092
6512 10447
8009 7167
27085 27375
11473 2356
4160 25227
20505 20412
992 5041
1730 6202
5968 20119
2648 17475
7416 7412
972 7692
6794 7020
20510 25859
6847 6846
23411 10849
6079 6071
6319 6318
17666 17662
17777 2632
27816 27795
21405 2768
24991 25273
17062 6787
17160 17796
6848 6847
5236 692
16513 17045
6080 6072
25338 25088
972 3118
24917 24915
24901 7300
11129 27370
17979 17978
7741 7738
6320 6318
5839 6094
23042 21195
24918 24916
24338 24866
27809 27791
7744 7743
6586 6145
18012 18011
6793 8344
27813 27798
6541 10832
284 27154
4428 1197
7772 9159
7745 7744
2417 7905
16041 7264
20767 20510
11320 4347
20855 23103
7185 7412
27816 27808
25336 22023
17315 3566
27808 27804
21562 21009
7178 6586
27805 27798
8037 1212
27797 27794
6322 5847
11041 24381
3498 3370
17347 16323
6171 6172
13944 19423
3566 10186
15090 20409
27716 7426
1454 6517
20993 24915
5076 21397
27798 27795
27790 27791
10083 7415
8492 26458
21900 21009
1008 1183
27155 7129
26781 26810
27801 27800
27273 27272
125 6843
24918 20993
11041 11176
23983 24242
10161 16639
7263 7043
15975 15963
26129 16038
27183 27198
22274 22275
8202 7264
16623 9359
9937 13898
17216 7509
20375 19510
6540 6541
26841 20938
6935 7479
758 25859
6979 1478
26508 26507
7802 7064
20460 19288
10450 10447
15910 7702
9310 27965
13766 14289
16044 8456
21443 21565
2937 7251
5917 1839
22289 20947
10451 10448
16044 16040
7840 8115
6776 16058
7975 9063
27372 27371
27812 27792
6326 6324
20373 19521
21044 21675
16350 15966
27963 27961
10451 6512
456 1735
21562 22275
20490 21009
20840 17595
9340 26946
21057 11177
20577 16547
27815 27797
10476 10477
21562 5013
8683 9414
6079 6074
8411 6777
1493 3345
10649 5975
27816 27798
23547 23544
6714 1975
27808 27794
20749 20451
9159 7802
25338 22022
26637 26634
13707 12639
20855 24935
20855 20734
27216 11294
10449 6560
456 18071
27800 27795
7185 17057
27811 27804
6145 6518
96 11120
1472 27844
28018 28017
234 733
2090 21212
17214 17217
9226 3812
26641 26640
8182 18149
20995 17595
26793 1928
2706 6434
10162 7289
3742 4745
16040 7043
27812 27805
26949 863
6047 735
27804 27801
24398 1928
27815 27810
6061 4425
27793 27791
22276 22274
1008 7710
71 73
2629 16623
22539 20698
19826 19895
17184 17989
6780 6777
7453 5710
6255 6254
15947 7875
8202 16042
6371 952
1269 16997
125 6846
21379 18357
11299 11178
6846 6843
26835 26869
26456 17796
7875 8184
8456 16043
23431 25803
16432 20577
6620 6122
15909 16335
7350 8219
6321 6320
6127 6189
27966 27961
8557 6003
6897 7419
6771 16728
7073 1903
6897 7190
10479 10477
1491 7697
11377 7426
5227 1359
693 5173
7743 7741
6322 6321
2649 8886
1041 9446
73 8497
22421 20841
27811 27794
25088 22022
6355 6354
26640 26634
15901 27892
27812 27795
27155 284
23695 11481
10452 6560
27804 27791
16227 23712
16235 17300
27815 27800
21591 20993
17347 16424
8456 16020
11049 11245
27814 27804
4878 17053
17479 21009
6086 6085
16043 7043
16179 15943
18318 18317
6994 17802
27807 27801
27799 27797
24779 6606
15247 16643
7263 16040
5041 20170
6606 18745
16044 16020
27800 27798
27811 27807
6184 1345
6771 17271
20995 24917
96 97
9951 5617
6411 4770
16288 8014
16678 21675
26877 26856
7093 7199
1041 1816
15947 15943
77 4284
4074 4403
27669 24281
16290 16282
9230 6759
27372 27063
5433 7196
10452 10450
2522 2765
6811 17285
11325 15628
1373 15359
17595 15949
26991 27371
16291 16283
24867 11656
7468 7117
21565 21075
10453 10451
6828 9417
7705 7704
6027 3324
17664 17662
11251 24803
25859 27716
6532 10815
24903 16453
21279 22703
20994 20993
7746 7741
6077 6070
7509 17219
27814 27794
16235 16881
27806 27790
26995 24493
27965 27963
6824 11374
19895 11344
4793 6318
6132 7848
17479 20361
27807 27791
732 16880
1041 15829
21112 20841
7469 7468
26639 26637
77 6777
6620 6619
21462 20465
3742 5340
16031 16449
4794 6319
9663 17213
2230 8497
456 357
9978 5439
25263 25633
18717 11493
21396 21688
10361 3291
20489 4094
6774 8785
5866 5864
23331 23329
2245 9559
7424 11374
2932 3930
11377 25859
27810 27801
22239 22493
27802 27797
6805 26528
6956 6955
18631 952
16290 8014
2356 11461
26640 26637
26632 26633
8668 8667
20759 9324
17216 17219
17268 17266
27892 15978
1908 9501
27803 27798
21477 20831
27795 27794
27814 27807
4793 6066
27806 27803
8669 8668
17213 10425
8037 992
4407 10051
27000 23129
1730 5936
10186 7697
6512 10446
26912 27037
6828 9636
8971 2818
9270 20004
14041 16920
18169 7171
11476 24274
20510 25858
20530 26856
7799 647
7073 10226
8731 9932
16020 7263
1908 7263
9065 26810
11476 24130
6848 6846
4519 7875
10448 10447
6080 6071
8300 7350
10161 21379
5890 6584
27318 27324
10481 10480
24918 24915
5134 41
2402 2406
2090 9230
27813 27797
22620 22404
6081 6071
3930 5566
10482 10481
17331 9841
4746 15357
2026 1109
11207 11374
27810 27791
7745 7743
12727 8406
7415 8771
6941 26528
18099 17068
6648 6649
5847 4794
7746 7744
16042 7264
25336 22022
1095 24398
26635 26634
27806 27793
26507 26448
16178 15941
17777 17776
5527 5526
7004 7335
8945 456
6027 6337
20443 7243
20404 22564
17531 8037
6714 6715
6406 18119
11147 27170
27798 27794
25337 22022
27809 27803
11794 21010
27801 27799
6242 10697
27813 27810
25859 7954
7276 596
10417 6801
27802 27800
7690 16042
692 10781
24356 18744
7093 9636
992 3345
26991 27063
16988 11177
4134 24153
6951 8240
20856 12377
21494 22693
26401 8624
2011 11286
23332 23269
2026 10777
7129 10089
17217 7509
11374 18824
28011 28012
22621 22619
25109 25110
5890 5936
21562 22189
17042 14567
22239 3598
10451 10447
27372 27370
2152 4207
7558 1491
5236 10781
21723 17453
8093 9499
758 11377
6079 6073
26773 17778
17666 17664
25241 11566
27816 27797
17946 17947
18926 11439
7677 18071
6805 26364
6049 6050
17788 8879
7424 3073
18722 4353
26986 26818
6080 6074
7740 7739
6072 6070
71 8497
2603 4084
9359 9360
6715 1975
22621 22596
16242 15915
23548 23544
11129 27372
3273 2603
28019 28012
7741 7740
21441 17595
27137 27135
6518 6650
8572 8571
10025 6905
27809 27793
26641 26639
1183 41
17426 11128
8668 7721
10240 1237
16432 21858
27812 27804
11378 233
652 756
7244 7464
9723 16402
27815 27809
6519 10443
6796 4793
16708 8669
9937 4353
27816 27810
3291 1237
27808 27806
9636 1472
7451 16509
692 16634
7300 25273
27805 27800
27797 27796
21276 22051
16641 18414
16239 6734
2941 4995
2951 1024
5901 11045
20711 20472
25803 17331
8202 16041
6236 4204
7402 16100
10817 19161
125 6845
7703 17031
992 17047
2648 2649
7424 992
26984 20575
18729 18612
23695 23697
27370 27063
20767 25858
8456 16042
5236 16634
10700 20418
18510 1800
7769 27678
16828 22153
20643 20538
909 18037
25859 27375
6824 11177
26457 17796
6344 6488
8602 6827
10407 7864
10450 10449
6322 6320
77 2608
9370 7867
26590 6805
21010 21011
25088 22021
2090 7237
10451 10450
16044 16042
6075 6070
2305 10051
7335 10425
18280 3939
27812 27794
27804 27790
27815 27799
20840 24916
8886 2277
22801 21591
3758 15969
5999 8411
7619 16227
7334 9562
10453 6560
6796 8346
6086 6084
7190 7419
23547 23546
27808 27796
27816 27800
24126 24125
16243 27892
1372 2648
27805 27790
9663 16728
26637 26636
27085 26912
7424 8674
3762 3966
1269 1180
16221 7164
9756 9636
11497 11412
27800 27797
14567 24381
24100 24783
27811 27806
20698 20343
11194 11145
17214 17219
17661 3041
267 11120
26893 27272
18589 23510
3343 3344
20995 24916
6875 16424
24330 7983
7263 7264
6188 6189
24512 19214
11203 11050
3078 18322
27812 27807
27804 27803
18318 17799
20741 20835
27815 27812
6606 1109
7154 9874
21022 25809
9562 9892
16289 8014
6412 4770
5388 9402
21009 16979
6018 6308
1730 4319
10487 3002
21640 11369
26991 27370
6771 9663
9728 26813
284 7129
8771 7412
16291 16282
7581 7582
24282 26866
17479 22189
8398 9647
65 4201
4028 1289
6776 9140
8492 17796
4709 25859
6771 9290
15974 17285
7469 7117
5995 17062
5847 6318
8777 8776
11251 24838
17665 17662
16020 7043
1908 7043
16226 7377
20750 16467
6846 6845
20995 20993
6078 6070
3762 12551
7677 357
9734 8111
3073 17173
27807 27790
17690 17691
27966 27963
9849 9409
4794 6318
6525 6237
8300 6757
22596 20695
6081 6080
6540 10832
4290 7867
27811 27796
11052 18599
10224 10225
11374 7804
8391 2939
9352 16452
26640 26636
6492 5916
1861 7991
