28085 4651
8881 1491
8227 16837
838 839
21598 7385
4770 6719
7237 7238
1903 16395
2176 23989
5142 10154
26400 8346
19702 7398
3598 11144
416 3855
6967 6968
24934 27420
27249 27247
68 24311
24793 26923
27263 4928
26912 27216
27436 22643
26399 26402
11971 11707
26281 9148
15739 25738
10321 7017
2747 20399
11258 21076
7000 7001
8112 8111
27263 23129
27938 16214
17987 17810
21002 22707
9735 7042
6573 1717
16040 1908
21112 22924
27932 27919
7101 6940
20102 25425
27924 27915
16591 16011
24104 13236
21311 21858
9472 1069
26645 5116
11041 11400
18266 19153
21246 20974
11476 24129
24979 22853
24117 24286
27835 9412
11487 11486
27925 27916
4006 4005
15901 15978
15947 15945
17025 16617
7663 4879
11714 14503
7171 2919
18422 4353
27418 17382
19153 23411
11349 2067
26399 8623
26547 26543
3566 1491
2267 4347
15901 16243
14289 12977
11273 27103
26400 8624
8198 1861
27928 27926
17951 17950
1228 19064
11706 12289
24310 24307
803 24284
17448 21567
10300 25895
20904 20428
10205 10202
19248 18059
5999 6791
15966 9663
20855 21066
17959 7867
16432 21858
385 29
25742 25741
7171 9083
20511 27263
16303 9290
6369 6366
20841 20493
7416 8362
19015 4615
16199 7283
5961 3502
6990 8519
6798 17474
25895 20852
7785 1434
159 5092
9894 2208
484 10810
15842 15841
19595 18781
5995 6798
20578 233
20713 20874
9779 7447
26403 8346
11713 14556
20102 798
26510 8180
25274 7300
22744 26912
9474 1069
6148 6747
27960 6038
7703 6855
17080 16952
7334 6643
6755 8773
5961 5874
25761 18040
26646 23272
15603 13236
27245 27244
6787 20474
23272 5116
16737 16469
18173 1653
6905 7369
6576 1717
21888 6961
27924 16915
952 18211
15164 9896
17961 7697
3653 12889
3737 18481
22693 21066
25298 16445
267 11054
2176 24306
4140 19243
27928 27916
5318 6038
5078 9849
24312 24307
1389 15853
20996 21139
15942 15941
9631 6951
17218 7509
27421 17382
27931 27921
8881 18059
11267 18504
5907 3400
1082 1180
20855 25895
21275 22051
17768 22550
3215 3214
15943 15942
8184 3758
27924 27918
15975 15974
27932 27922
16210 17863
26403 8624
15954 16854
15833 13675
7862 18790
21567 20438
26546 26545
24991 25274
26806 7782
8177 27927
20997 20996
27938 16567
18281 9076
7412 8876
18379 8187
9403 16190
12094 12890
11051 1473
20130 1668
18890 4610
26547 26546
18744 18865
7442 7443
17768 2111
11401 11242
6855 7646
24901 25273
51 35
20529 17220
9978 7646
17926 4045
4770 6411
8774 6755
11404 2356
63 20133
7244 7463
7633 9261
18634 7106
11497 17896
2708 12399
6798 7642
6824 9766
6076 6080
6798 8545
9293 18165
3385 5853
10161 7129
10190 6784
623 6240
5134 23842
21015 27437
6747 7676
11273 11326
6970 6967
21224 20377
26646 26645
14665 9007
19587 20056
18262 9076
20764 9775
6132 8311
2074 7804
5524 11875
6937 5972
12987 11723
6824 6769
6417 4279
24328 6369
16751 10471
27248 27244
1505 971
18169 25737
7003 7000
16728 15937
21278 16677
20873 233
27927 16915
9147 6828
20649 21579
23712 18151
15909 16428
17863 1458
11724 3277
20761 21640
11774 13306
14337 18717
1947 27361
16849 2119
16751 17646
16210 1458
20882 20883
17326 27942
7415 7703
27774 16449
15945 15941
6420 3502
6589 6578
26745 26744
25347 24899
2047 2049
8177 27917
19064 9183
25010 24905
5995 7416
15946 15942
3293 17617
74 418
27927 27918
2618 17973
9781 20412
7796 18282
19702 20056
26746 26745
21278 20855
2737 16612
18629 11326
26510 9472
21314 20369
24309 24305
2176 24309
26845 27361
27930 27929
18195 21013
24793 11257
17479 20428
24312 24310
2406 1731
27920 27915
4041 12528
6956 7804
2522 6372
3046 1008
19903 19902
11573 11572
18394 2648
20032 4591
798 570
6076 6070
25743 2919
4375 1069
2119 7415
7369 9290
22442 5887
3385 330
6606 5332
16293 16143
21067 25079
4384 2057
20738 20739
4134 10662
8177 27930
24130 24274
19904 19902
25560 25434
3566 7697
3404 14200
3385 4387
6932 4715
10204 15653
12289 15841
20530 17677
11203 756
4407 2305
5479 8187
27300 11294
3566 18170
16386 7416
7663 6776
10864 10860
15842 378
16221 7199
18793 11410
1845 1411
6038 16143
10231 3485
9150 1496
17261 26863
5236 1491
3894 1496
6518 272
7286 7283
4218 4217
24553 14555
6755 7238
25228 25347
7785 7784
3129 13707
8324 8327
992 3566
2074 16137
6967 10455
6127 6128
11780 4452
12997 14736
15589 11165
433 161
11045 11322
3298 10632
27247 27246
18132 2517
19694 1432
18167 10202
27300 26992
15974 6811
3046 7149
20483 17084
27930 27919
20553 9909
6994 8315
26076 2408
7164 8726
6798 5142
26937 19706
21723 11258
27374 27737
19460 9114
6260 5961
723 795
17905 17902
9561 6785
377 15842
6956 11177
125 6847
395 435
992 8647
9717 7298
6037 1373
6956 6747
18978 2954
11656 1388
11226 27175
11652 13023
7510 26746
20995 20992
16293 6828
13766 2243
27923 27915
15945 15944
20475 27409
17352 27959
7171 25739
11762 12782
6956 16137
10406 17090
26545 26542
5490 1505
2253 3060
24308 24307
10202 407
26548 26547
16156 10471
535 19555
21730 20314
27229 27174
15978 16243
7422 7421
26907 26894
21149 21580
27926 27925
3876 17303
11532 5531
27938 27936
18129 20131
18664 19243
2946 8881
6031 6029
5053 20577
948 4417
69 20133
7423 7422
6843 6847
4285 734
8623 26401
3566 8037
24574 24282
16492 6749
6260 6383
4613 4700
17163 17162
16335 16336
15924 17439
11353 4073
6835 2004
3245 6181
14736 11877
7692 9389
18265 23411
12353 26819
8180 9472
21009 22481
19597 5834
5142 6806
25010 25114
9457 7500
6027 6525
8153 17331
25228 27408
11583 11890
3273 4787
2253 16134
15706 12234
1747 1624
25739 18169
22749 22750
3246 4424
15739 25737
159 14851
25937 26901
26887 8319
14315 1388
3298 2256
27932 27920
2772 14075
992 6795
18169 2919
849 4006
9978 13852
11410 11409
6795 6784
27437 22643
20442 12283
2951 4134
12846 12845
20553 20372
10321 3345
6027 6237
4770 9764
19080 16547
21002 8827
25273 7300
12495 15805
27933 27919
27994 6875
16592 16011
9473 1069
15947 15944
26646 5116
7196 4323
3957 27942
26907 1773
4785 18151
27418 17381
12780 13164
6951 10679
24312 19801
6847 4700
1894 1620
17908 17902
16950 10471
25425 25189
21379 7129
27929 27921
7284 16221
19822 8000
20511 11371
77 3238
6574 5853
27419 17382
5173 3594
6138 5966
22817 25262
27926 27915
8883 9956
6311 6940
8688 9631
3562 11584
24310 24306
11169 4615
6277 6835
6210 2315
5680 12852
6565 6564
6418 8351
8227 6798
6776 6747
23713 19248
46 16204
4779 930
10186 8647
8662 23313
17218 17088
24311 24307
24436 7943
7218 26605
8774 8773
8492 17160
20578 11137
12546 11626
27932 27931
7550 7718
19172 806
15988 24921
23314 8662
491 19214
27941 27787
325 20759
19905 19904
15603 24104
20834 20404
20644 4931
798 154
24934 17381
17182 23666
27933 27932
6846 6847
9083 17866
2730 3855
652 185
19905 7337
14451 19696
7147 14917
3345 7017
532 528
1516 2096
9857 5065
19081 21448
4964 7369
1928 7782
3203 6704
11724 12084
4309 3682
19715 797
16830 27946
11051 11052
16837 7654
11216 25269
16031 16221
16220 4163
20759 20760
17088 17215
11875 12747
87 11145
12289 378
16221 9636
17439 6038
9736 9735
25742 18169
21932 20882
17479 21386
17271 27773
20056 7398
1198 7649
1653 18172
3903 7136
4844 20442
19563 14555
17467 5318
3542 6519
6036 11156
21846 20698
26647 23272
11242 11155
18629 11273
21944 21386
1903 5142
21015 22643
2344 4061
27925 16915
4140 19242
16220 16214
5845 6457
26399 26404
6574 330
913 4403
3566 2648
11482 11481
15739 25740
11532 4428
27421 17381
12546 3129
15733 1228
20855 24991
11706 15841
1701 6175
26820 12353
12855 26924
12291 12293
20761 20517
23412 23411
1180 6589
8497 11487
6574 4387
15943 15941
4286 4285
27924 27917
27932 27921
13994 13993
27926 16915
18166 18165
12977 11165
20466 20456
23413 23412
8682 20365
27933 27922
22422 20493
26937 27103
6182 2736
19556 529
26645 14917
27925 27918
3273 11412
2919 25738
21679 21846
12852 12747
15942 7875
19136 729
19153 23413
26547 26545
6828 27959
5134 4652
6759 5493
16293 27960
13625 15708
535 529
12678 1950
330 19902
9412 6776
15691 14385
27939 27937
1505 19603
7423 6970
6970 7519
21067 12580
2965 16292
3937 13419
13944 2629
46 6902
8682 21425
20873 11137
17140 7043
20058 7398
11207 11411
4647 18390
22643 24905
21015 27436
11391 4587
23119 2648
10300 27968
4787 2105
455 19609
6905 27774
16467 20389
9978 5322
27216 19706
3294 16323
26408 9361
8688 6951
26647 26645
5880 11280
15739 2919
1180 5411
25425 25434
14385 15144
4387 2256
26912 11258
26938 26937
1001 16142
7906 4700
5995 7703
8531 1491
21067 25389
992 10135
159 9151
17380 27418
22212 25333
8503 9422
16904 15789
9474 9473
16904 9373
803 19015
27928 16915
8198 2141
26958 235
15910 16428
9499 7171
1947 2141
992 3346
17926 8114
2941 6871
2708 6669
20489 20578
6828 5318
15944 7875
21386 21620
5062 15878
15946 15941
125 4700
27927 27917
25079 12580
26746 26744
21092 20993
15909 15910
7581 8444
20734 17084
5142 16395
7510 7975
17101 8876
4592 4588
11220 11219
24901 25262
6771 16303
12709 22487
2176 24308
16001 16667
27928 27918
24312 24309
22484 20436
9978 990
17950 9346
27931 27923
15945 7875
26486 6144
798 3867
1938 19597
20495 22436
11762 18448
26845 2141
23374 2068
27921 27915
7416 7415
17010 10679
24305 24306
10088 16439
17102 8876
27924 27920
6037 1153
16220 16567
20382 14193
15966 16156
433 1001
7117 7118
20699 20810
24899 27408
25079 25389
20855 27968
4375 18186
1198 10109
25744 2919
6792 2074
1692 2013
20796 183
8177 27929
9916 16857
25298 13535
19208 11912
6072 6071
20994 9323
16101 9412
22744 11327
533 19554
517 6369
26991 26933
6956 9766
12117 15764
11327 11178
25846 25274
1008 41
19153 10849
15133 11766
3876 16445
7649 3493
20377 21554
12855 19405
17741 14847
6145 1221
12527 11583
12495 12454
19208 284
20855 7300
17060 23345
3077 2176
7244 7465
2997 2067
8197 3298
6956 2074
26937 21076
25846 24901
992 8669
6956 6769
15966 4878
12002 14098
9518 27819
992 5142
6085 19902
20994 8626
24574 11266
2402 1628
9978 14185
20490 22190
6970 6969
69 63
1094 351
1700 19903
3 6125
25079 147
1587 3896
27247 27245
3737 18028
19587 20058
24697 756
7803 5887
17326 27787
11408 11409
23983 1758
6586 4319
6157 6420
4279 5924
27248 27246
16870 16023
17803 5531
1183 12442
3737 3246
9766 8120
9866 9290
22023 25284
9780 16277
20029 20030
19521 20643
19056 9581
20649 21581
4378 18209
21395 17084
15924 16293
7867 23291
2997 11349
7166 16190
3653 18744
3273 19097
19556 19554
27941 7403
19253 26835
27738 27374
11413 11316
17906 17902
257 240
6155 52
15945 15943
6777 6780
20764 21009
19557 19555
8177 27919
27325 11371
19563 24553
26646 7147
22693 7300
24308 24306
15946 15944
12727 7196
535 19554
3653 18865
26933 27211
27927 27920
19702 20058
4134 18909
26510 9474
18664 19242
24309 24307
2176 24311
21808 21809
17271 9290
18195 21015
27941 27940
16480 17162
7423 7421
125 7906
20649 21149
2090 7238
12479 385
8623 26400
6260 6382
20408 11180
3077 20102
6184 5340
536 19554
6076 6072
11196 20749
11509 27396
17667 16056
2353 4615
9978 10383
6757 8300
20711 17453
4955 17187
8546 8545
7718 7719
530 528
149 11911
15959 7718
834 4286
18266 23411
10060 26408
27152 21076
7784 1434
8177 27932
8476 9469
19598 5834
357 456
18666 24284
20855 10300
26076 26075
6843 7906
27994 16323
3598 20977
19904 7337
27738 27737
9734 9735
25740 18169
11254 27147
8360 16469
11713 11711
9518 16001
10864 10862
18711 1022
6905 17271
4964 27830
9723 9725
25272 25270
6252 26542
18195 21522
11374 11378
11327 27216
5493 7534
3894 8817
11164 15589
12525 1008
447 2722
20058 20056
14466 27835
18926 803
734 1732
17352 16143
18654 24058
433 163
23987 24390
26647 5116
1503 1505
4785 8881
27419 17381
6238 1653
20375 22212
20553 21166
21079 8035
6805 6050
8177 27924
8653 19243
17173 7954
27930 27921
5680 12851
20974 21079
26906 15700
6575 5853
6067 24551
27436 24905
883 484
2049 18567
27939 16220
24311 24306
3406 7579
18686 21242
6857 7265
18594 27166
12293 12299
27922 27916
7461 18634
17905 17904
19839 8209
24934 17380
6828 6829
7867 16698
25881 21275
27933 27931
20984 20985
6566 6563
27923 27917
20995 20994
13766 2245
6798 6806
1389 14212
27942 27787
7171 25741
7264 8033
8623 8346
6574 3385
20644 21590
25895 21066
26545 26544
274 19516
27283 27147
16633 17866
535 19557
1008 7317
3046 7802
11344 27403
27420 27418
8240 10679
6747 6876
8406 6776
992 16992
533 528
12426 13852
17088 17214
13707 4266
2463 513
11393 7144
3058 6055
948 4419
20852 21066
17025 5674
27941 17326
63 844
26875 233
8327 8325
24553 24081
6846 7906
20770 8875
17140 8629
25349 27435
19426 19424
18604 23108
27835 6956
18265 23413
21933 20882
25539 25460
2008 11345
2592 928
10866 3844
22441 4844
1829 18024
17504 17987
27249 27248
7692 8344
24793 26924
149 15706
3957 27787
2253 16136
21846 1894
10383 2792
26075 21275
15739 25739
2684 1950
24469 24468
9146 6828
849 4008
19709 240
6575 330
15909 15978
8497 11486
1024 13839
17479 20904
7833 6747
18262 18281
3737 1747
2706 6669
14200 3623
23413 23411
19696 24100
10060 14832
6575 4387
27933 27921
25761 1198
27925 27917
2648 20170
19556 528
3595 12545
18173 25787
11401 11155
15947 15946
11146 11194
17160 255
4590 4588
2919 25737
7302 6329
19136 728
24073 18618
25560 25645
6956 6824
26399 8624
758 27396
26646 14917
3445 3746
2522 6295
11877 13664
17908 17904
19557 529
27361 27731
16988 21202
27929 27923
2337 2228
15825 4585
163 162
7510 17060
4931 21590
11196 2011
15943 7875
20698 1894
16293 27959
5322 15733
3018 18167
2389 963
27926 27917
6862 7719
24310 24308
803 24285
8503 2763
17008 10679
21246 8035
24117 18666
3762 3129
20759 21014
20530 24160
26509 1069
17163 16480
8227 7703
4779 932
1491 3345
1668 19516
15692 14385
24311 24309
8567 27773
12855 19208
15966 6811
25743 25738
5318 16293
17394 17395
536 528
20372 19521
6038 27959
6757 10025
17467 15924
6369 6367
8158 6785
3247 2161
3562 11707
17824 5236
24991 7300
1180 41
4062 3542
4419 4417
24129 24274
14271 24341
23666 17719
7500 8771
24398 26793
9453 9148
849 844
23713 18059
2074 19767
20102 25560
7422 6981
14075 24551
5053 21858
1345 6417
20857 20474
21112 22421
20713 20875
24129 24130
9978 1421
27436 25114
11780 14318
18129 11060
1180 6578
17763 17764
171 13096
17088 17217
17055 16137
9474 9472
2245 2243
18821 14851
27300 26790
8883 15978
2355 803
274 1668
7510 23345
16921 13662
22800 9323
12528 12002
8883 16243
26404 26400
7991 8342
20876 20874
22292 22853
350 351
13728 12141
20855 20442
2680 14599
4220 4221
1069 8180
1735 456
8881 3566
3222 4036
23373 27013
5388 1668
21009 20765
27939 4163
24901 22817
17504 17810
2049 3212
6828 9145
17010 17009
5680 14385
16485 9725
11446 1129
7519 7421
15968 6811
17951 9346
16011 7447
27932 27923
10088 16438
27924 27919
17973 14209
3566 2277
15946 7875
18629 26937
5227 3678
17011 10679
27204 15700
27925 27920
11971 11652
11723 12633
27917 27916
27941 27942
27940 7403
5961 6382
3129 13764
7690 7689
21246 22375
25936 26802
22744 11326
6290 2765
6843 125
11749 11724
4084 19097
12997 14564
1505 5834
17453 20710
20774 16674
24901 25274
3894 4069
4652 41
4375 7640
534 19554
23225 1198
10318 2648
3737 824
27994 3294
7465 7463
933 540
1069 7640
8544 8545
20131 11060
20486 22628
19405 339
9293 18166
6920 27936
27104 2004
20530 22442
7697 10186
10455 17556
27076 20632
3073 11137
6970 6968
1094 350
1700 19902
26938 21076
25298 17074
20764 20393
20995 8626
3742 6393
11084 990
2680 11965
8114 2517
25742 7171
15909 16802
1486 5340
68 24305
16592 7447
25723 18040
3562 13107
6801 1008
27248 27245
7003 7001
3894 9150
18169 25738
21014 21593
11054 824
14262 12186
9625 8705
6644 4853
8043 27339
7839 7767
13913 13875
20649 21580
2356 7639
4140 8653
95 92
25743 15739
17380 27420
4134 3246
19243 19242
4034 19603
848 2401
11930 12279
5812 4587
6013 6563
17479 21620
26912 27331
2684 11827
25349 25010
1228 7646
19208 12081
19557 19554
6967 17556
14209 2618
21464 20373
17907 17902
6970 6981
15946 15943
27927 27919
27247 1773
6573 5853
69 13401
849 2401
18629 11327
69 340
26647 7147
24078 24553
24309 24306
5339 7148
2176 24310
26510 9473
27928 27920
15924 17352
1008 5134
8567 6905
1845 2253
24312 24311
26937 27216
19253 24102
25724 20578
149 12234
27920 27916
19192 11440
20615 20777
23712 19248
27931 27925
1845 4962
24439 2952
2474 3098
27781 27986
26542 26543
6057 11305
6846 125
6076 6071
2232 25787
11656 15808
6828 16143
16156 15910
6185 5340
8546 8544
24117 18744
1069 18103
8726 7199
8177 27931
3566 6795
19904 19903
9414 16612
18212 11461
11869 15808
18629 19706
16635 16667
159 18821
15924 27946
2344 2057
21823 21307
2703 6834
18781 8054
3246 11054
27283 20511
6905 9866
15846 13245
16869 16870
2023 18186
6759 7533
26076 25881
12495 24614
3633 1902
254 484
6951 17008
25272 25269
7697 15666
27343 27737
10631 18652
6966 6965
21230 20834
7093 8726
6797 17215
8324 8328
24380 15833
7799 6902
19248 18151
16828 5290
16428 8883
11180 20407
14007 24058
18167 10203
6573 330
4219 4218
8653 19242
11707 12461
4474 652
21581 21149
6880 12495
3723 1278
18413 21226
7574 8662
6811 26396
27931 27915
938 2176
15916 2965
6905 9290
6573 4387
4778 6927
6576 5853
1587 901
17905 17903
20891 21345
23713 23712
27437 24905
13153 13830
1503 19597
19696 24783
22212 20728
27923 27916
15733 19064
13766 13764
17906 17904
24286 24284
27738 26967
6787 20710
21395 24935
8177 27921
11164 12977
22723 4844
16828 22156
5933 3653
27937 27936
433 849
21560 21561
535 19556
27927 27922
23129 20664
25425 25645
15980 9114
6575 3385
16303 16449
27938 27937
254 883
27773 9290
3279 19937
21029 21027
25741 25738
11062 6406
6563 6565
26289 27147
10203 10202
7654 6798
8623 26402
6329 7301
4452 14318
11076 11179
534 528
2355 24284
7154 7155
6967 5980
18636 18544
7264 9501
20447 21461
536 19556
3559 21010
27216 11178
16570 16011
19802 15164
18265 23412
8180 9473
2474 3595
7171 18169
12084 3277
9147 9145
992 5134
8881 18151
24493 15700
11051 11207
19427 19424
17246 20351
18266 23413
971 5834
5322 1261
20511 20664
1008 7064
17768 27337
27967 7412
23042 25139
17219 17215
6071 6080
17526 16469
6950 6951
25189 4822
9153 41
3125 12802
2668 8771
16837 6798
19905 330
17326 3957
15974 15963
1372 8514
7264 7263
20130 19516
20553 20373
7581 8776
6576 330
6252 26544
11155 11156
10186 4241
10662 2513
12069 12925
2931 2356
2355 24117
3407 1153
24160 7803
6771 16226
7140 1491
19189 19609
2389 3321
2176 19801
8153 3345
490 2011
6576 4387
11354 4168
12727 507
7092 7421
1747 18226
19557 528
23510 19214
17908 17903
27922 16915
11076 21076
35 1287
6950 8240
163 161
2355 14210
27929 27922
27002 26894
25846 24991
9270 11300
11457 15700
11391 5812
26647 14917
12461 11584
7633 7632
12076 11922
16424 7689
5062 5750
5612 8023
27080 26813
27926 27916
21015 24905
27930 27923
17185 7867
11371 27153
6824 6825
5322 20198
11322 24142
22549 21018
8579 7101
19905 6085
798 24242
24311 24308
17009 10679
25743 25737
27738 27343
27922 27918
7550 7719
12076 29
6027 6251
24934 17382
16802 15978
10240 3291
21276 21275
25744 25738
21278 24991
6566 6565
20841 22924
8726 9636
26980 18890
2495 1658
20347 15936
3562 11971
19214 13528
16214 16567
17187 9409
4809 357
532 529
22549 22716
930 17837
11455 706
17992 21442
6071 6070
27002 26907
4452 15597
11216 25270
20472 21485
21009 20378
4261 79
533 530
27153 27076
2232 18173
17088 17216
8037 6795
7423 6981
7117 7463
2245 2242
8567 7369
5318 17352
2578 14200
8827 16979
27437 25114
6747 16268
7986 12198
1471 4690
25349 27437
16646 16647
7105 6936
27002 1773
5322 1228
12495 14075
8674 6979
803 14210
27774 27773
8947 17574
6956 8570
6970 7422
11045 2011
7149 7802
1903 5143
5318 27946
17010 17008
27246 27244
15739 25741
10860 10861
7663 11177
7337 19903
27216 26843
11706 15842
17011 17009
19056 21554
22441 22723
27967 7500
20857 6787
7663 12345
22157 20749
7461 7106
3737 11054
15954 15951
16513 16323
15969 6811
14736 13664
20644 20643
27933 27923
11245 1110
27925 27919
19556 530
27917 27915
4006 4008
7642 16837
1730 7178
27245 1773
4474 11203
7402 17264
19802 9896
11875 11979
17012 10679
9361 14832
6828 27960
12095 11982
17908 17906
27929 27925
3165 19909
5995 8545
20513 20690
25895 27968
24307 24305
535 530
21823 21110
27926 27919
27939 27938
27918 27915
21922 27239
6875 17045
439 3222
23225 7649
27939 6920
16001 27825
7986 12417
25743 25740
20530 7803
20530 22441
7360 16750
2931 11461
407 5075
15910 16452
536 530
7943 1237
11637 12084
2023 4375
16988 16980
803 18666
1280 12324
8300 10025
18195 13632
3172 19516
12528 14098
26548 4152
26647 26646
2176 798
10862 10861
7447 8388
9414 6040
21015 25114
18041 18040
6960 6958
19500 19715
21278 27968
27412 24908
25846 7300
22212 18195
21932 21933
6269 4151
723 1646
17479 3598
21230 22564
20834 22564
17380 27419
16137 7804
24104 806
142 25723
17926 2517
12852 11979
14075 12889
17045 16323
20634 20440
2522 3542
25744 15739
10863 10861
6935 5854
25228 24899
6776 8570
7703 16837
11472 14209
21464 20372
24439 1024
20347 20346
4322 973
1069 8182
847 2736
21278 7300
4592 4589
20348 20347
6093 4906
27989 6875
5995 2119
18926 24152
2023 8180
27917 16915
27928 27919
4134 13839
27248 1773
27931 27924
16060 9929
9453 26281
27938 16220
18173 18172
9 2167
4615 11439
24152 4615
4939 4589
20855 4844
16198 27835
27921 27916
8570 8406
27932 27925
27924 27921
5897 6364
10240 7943
23223 20632
7509 17214
532 19554
20382 16445
6573 3385
17479 17467
5980 10455
533 19555
3291 7943
2090 6755
21581 21580
1938 4034
3203 3400
7663 6956
2648 10317
535 533
3323 2004
20375 20728
15916 1001
7412 8771
6966 6964
3762 4266
1345 4279
15764 15133
7738 16111
7803 19767
18265 14067
6797 17214
10781 690
8227 17062
17216 17214
15603 806
2023 7640
3345 9841
3046 7064
18129 965
8180 18149
1700 19904
26908 490
7863 17310
1668 1670
20373 22051
5880 5915
491 13528
2951 24439
16204 7596
18047 10057
11408 11410
4041 13107
435 795
4219 4217
18612 4353
20483 20382
68 24307
4425 18960
1700 7337
27248 27247
7773 7064
15988 9140
19903 330
7412 16476
690 267
10240 24436
5939 11482
16432 21311
25228 16608
7264 7043
3172 1668
7166 16191
19937 328
21276 25881
27252 27253
27932 27915
19556 19555
24662 13343
27920 16915
21342 22070
27298 26960
6013 6565
17906 17903
1496 4424
11371 883
8240 17008
14075 6067
8346 8624
19557 19556
8177 27920
4611 11251
19563 24554
1782 3246
24310 19801
22156 5290
6790 17453
17907 17904
7416 5492
15946 15945
1731 7710
433 848
2785 3595
12798 11687
11713 14503
3291 9474
27343 26967
27927 27921
9499 9920
20949 20948
20796 25056
11353 4168
15966 16268
19903 6085
69 342
17428 21661
24309 24308
2176 24312
22212 21522
25741 25737
27928 27922
6563 6564
27920 27918
4152 26542
6574 6573
6576 3385
2517 4045
7043 8629
1180 16997
27931 27927
22159 22678
8881 8531
27774 9290
536 19555
27104 6835
46 7799
6575 6574
17164 16111
2253 1411
11378 27731
16386 5492
456 17496
530 529
18071 456
20486 20899
8553 4241
25742 25737
7230 26396
14503 11711
18266 23412
723 435
6458 5845
11875 12852
22564 20404
1503 1938
8177 27933
11327 11326
23712 18059
16655 2763
21110 18664
11049 1110
18666 24285
11374 11258
7421 6981
17219 17214
2243 2242
6429 12648
4613 6843
12782 2158
8153 16729
24152 803
2408 22051
9227 3812
2946 23712
7044 8342
1359 5227
803 18744
1372 2277
10864 10863
925 9959
1496 3246
6951 17010
15085 3291
26509 8180
6252 26543
4878 9663
9361 1008
2277 2648
3321 963
27216 11419
17315 2405
6797 17217
25054 25048
6956 7676
3279 328
9207 9208
8667 8669
7975 23345
4187 3594
70 3001
5388 9849
14451 24100
19513 9151
21734 20454
27923 16915
11048 11250
25349 22643
6384 4746
11862 11583
20577 19080
13662 756
27930 27922
25114 27435
17311 17310
11718 15776
6787 21723
26937 11258
20764 21386
11780 12798
6027 3541
27922 27917
21345 9094
17439 17352
20372 20373
21230 20404
7178 4319
14768 15791
25744 25737
5388 701
6566 6564
27249 6362
27923 27918
729 728
1090 2168
1183 16997
22484 20780
3566 17633
16204 6902
20405 20406
7875 3758
7519 7092
8177 27923
4844 21139
9293 18004
17060 26745
19460 4134
16220 27937
27916 27915
27164 26819
20348 15936
25425 4822
18791 18793
27420 27419
8781 7886
533 529
2232 18172
3566 3345
20649 21562
12387 2750
26798 17084
25741 25740
25739 2919
27165 26820
6182 1097
17439 27946
8623 26404
2475 2474
7654 7703
534 530
2355 24286
20530 7992
8327 8326
7118 7463
6366 6367
11045 18778
8881 5236
6165 5968
19426 19425
2103 11498
23314 23313
25406 16221
27421 27419
25349 27436
7632 9261
20947 1635
6776 16101
26925 26923
6606 11080
7730 17003
26546 4152
6970 7421
7253 7364
3294 16513
16432 5053
19427 19426
17824 1491
7147 3590
24793 26925
6759 7237
149 15707
2792 990
6969 6967
26926 26924
7264 16040
21711 17428
16476 8771
5134 8647
16402 9725
7649 10109
7337 19902
992 6798
26408 12525
7892 23422
16921 756
8209 992
17011 17008
7767 7886
10041 8053
3566 1372
1938 971
2408 26075
11835 15613
16997 9153
10864 10866
22744 11419
1668 701
552 6153
17012 17009
2517 2075
17768 12822
14041 11215
1832 135
2355 19015
12245 15776
11455 11456
27152 11258
13060 12053
11749 11637
22158 20749
24940 183
27774 7369
20874 20875
24469 10626
19958 9877
15924 16143
325 21014
4062 4204
4590 4589
142 18040
20734 21475
22962 21297
22018 25284
5075 1628
17741 1204
22228 21567
11762 2158
6251 6664
6157 3502
15589 14289
17908 17905
19557 530
20442 10192
15739 18169
5995 8544
15589 12977
20408 20407
14031 3595
27929 27924
27263 20664
24160 27403
6828 6038
22628 20899
27926 27918
7284 6955
24310 24309
149 13096
803 24286
1008 7802
27930 27925
25741 2919
21009 21944
4643 1747
4591 4589
6776 7833
5933 203
26509 9472
8567 27774
2363 11299
27334 27225
27919 27915
24311 24310
15921 15966
25743 25739
7393 7392
530 19554
27922 27920
20378 20765
18266 18265
756 798
536 529
5390 16664
20780 20436
17062 7654
6758 9361
20130 3172
18618 24345
25742 2919
25744 25740
26899 27678
5365 12555
21009 20524
1171 16617
17496 5142
1153 1373
19248 691
16830 5318
1411 1668
18041 18039
21112 22422
11216 25272
22212 25284
7117 7465
15821 5239
12289 11901
5053 20583
27114 19767
16031 6955
10863 10860
5318 17439
7986 12429
26404 26401
1198 18040
19516 1529
20876 20875
20855 20852
15924 6828
27989 16323
5322 7646
3653 203
19715 1366
9737 9739
7017 3298
51 1287
9723 16485
20348 20346
6905 16303
56 6177
19839 992
6880 12454
16191 16190
12566 13319
16438 16439
73 79
12117 11766
24152 11439
25881 22051
27930 27915
2355 11169
629 6978
79 833
20577 16678
16270 7214
22158 20451
221 2494
4939 4588
26408 1008
7581 18279
18379 18047
16849 7415
27939 16214
22023 22212
27932 27924
15850 10383
288 4061
15821 4169
14289 13764
20382 17082
19442 6581
21009 21561
23987 11493
24308 19801
6843 4700
23362 7383
17904 17902
11146 87
20780 20426
27933 27925
27925 27921
19556 532
7991 7044
17479 20764
20947 20948
8579 6311
4590 4592
26835 11145
6798 7703
15969 16612
22288 20947
16570 7447
17679 8106
5435 11557
6784 4241
6787 6790
8511 6936
27929 27927
1003 255
21581 21579
16980 21202
17076 20761
20513 20692
23218 12186
1903 7373
26548 26543
6344 6486
535 532
1471 15672
11743 5531
4261 71
534 19555
20511 27147
27918 27917
16221 8726
3170 13021
7465 7464
11875 11428
16952 7633
20740 20739
19709 257
26892 6961
1505 1935
6920 27937
26992 26790
9146 9145
536 532
18266 14067
17271 9866
17217 17214
18629 27216
7718 6862
1747 18028
68 24306
7218 7219
12527 7948
849 848
803 11169
8406 11177
17218 17215
21009 8827
27994 16513
6184 1486
22484 20426
5939 11481
18613 4353
21395 20382
16273 4878
11327 26912
18071 357
20442 21139
11428 12851
16466 25689
7054 6329
26991 27211
6132 26550
627 628
20584 20585
16635 27825
1069 744
25251 23042
11971 12461
5198 7398
11726 11727
11706 378
18744 24285
6664 6525
6013 6564
9323 21092
3752 26450
21620 20393
15805 8272
26289 11254
27933 27915
2684 3197
21732 20454
14555 24081
15901 8883
11041 2355
27921 16915
20734 20794
26845 24160
17907 17903
6785 9560
3060 16136
14451 24783
2583 3001
6950 10679
6806 17496
4592 4591
64 4198
24311 19801
6846 4700
24078 24554
8726 2993
11428 11925
8153 9841
20815 21541
23129 4928
18186 7640
27928 27921
5142 5143
27920 27917
6664 6237
27931 27926
22514 11305
25881 26075
2474 5085
8626 20992
4939 4591
12291 12299
2049 14592
27921 27918
6575 6573
16988 20643
6784 8553
22023 25333
27924 27923
27932 27927
19611 435
486 485
20711 6787
17102 17101
3839 17306
21015 21013
5479 18047
14007 14018
22514 6057
5874 6382
7509 17216
19563 19871
5227 7703
6576 6574
20346 15936
1620 1619
6755 5493
11875 12851
27940 27787
6806 10154
27374 26967
5076 20896
27939 16567
7244 7118
3669 2607
3844 10861
7445 10226
20377 20389
6805 7156
21711 21661
23813 18634
27825 16667
20130 1529
11257 26923
3876 27968
6951 17009
15901 16336
16445 17074
5388 14193
4160 3783
17889 1624
6797 17216
10781 692
9207 27781
1505 1938
3345 8037
11875 11925
20585 21442
11169 11125
5880 5881
13535 17074
20382 13535
9561 8158
10864 3844
18126 9938
17467 20361
6956 8120
9499 17866
3246 824
18166 18004
11749 3712
27835 7676
16221 7093
3338 12198
965 20131
24160 5887
17009 17008
25881 25126
11164 11689
18821 2134
15924 27960
13689 480
5680 15691
1228 6855
23030 17448
5322 19064
1069 2023
7302 7301
26399 26400
27967 8771
17672 4785
27931 27916
12076 13942
6902 7596
16617 5674
15910 4878
15916 16292
25126 27444
20426 20343
6290 4853
6755 6759
20483 24935
26938 11258
7149 7064
201 25189
6362 27244
1503 19598
21221 17990
4778 548
19554 528
17906 17905
24286 24285
8240 17010
16643 22026
6644 6290
1656 2349
27216 5460
8177 27922
15968 15966
17060 26744
734 2419
19521 20538
13546 11583
4785 23712
19555 529
12094 11982
17907 17906
16220 27936
9409 9849
15684 11597
15963 6811
6191 4852
161 162
27927 27923
6734 6857
20423 20575
2331 2752
8406 6956
17185 9370
12442 12399
357 2697
1421 990
12367 5086
1065 1063
20946 20536
16608 24899
22962 25808
27165 26819
25741 25739
7391 7392
5914 3002
8623 26403
4152 26544
26912 11326
26967 27737
7574 23314
534 529
6383 5961
2355 24285
19513 159
26912 11097
5840 6616
9373 15789
3566 7581
2344 4384
536 19557
21562 21149
25740 2919
27421 27418
987 3214
27374 27343
8881 18332
8180 9474
13627 12946
9147 9146
6927 548
21395 20483
529 19554
19427 19425
7017 17474
27989 3294
8328 8325
24078 14555
26547 4152
11457 11258
16140 20750
16273 15910
3783 25227
2946 19248
17219 17216
21734 22694
26401 26400
1204 17742
19238 11043
17313 15948
8623 8624
407 1628
15906 2763
9849 17187
12245 11718
6138 4221
19594 8054
9323 8626
3686 12727
1183 1180
2353 803
15909 16243
6951 17012
17012 17008
1154 1153
26076 21275
6252 26545
27936 4163
27960 17352
4425 11080
7139 1491
8360 16737
11454 9275
26402 26400
6776 8120
6797 17219
11254 20361
23990 2176
13126 23108
1345 2563
7875 15941
3876 16127
2057 288
71 79
992 8037
7868 9486
1010 1001
16449 7369
17763 3293
4187 5173
7769 26396
23990 23989
455 2176
12855 284
18053 6924
16424 7690
63 340
16293 6038
2105 11412
27930 27924
4591 4588
3346 17474
12924 12923
7264 1908
6125 552
15975 6811
24104 19172
24312 24305
27960 27946
22858 25826
9208 27986
19598 1505
9978 2792
7869 9486
7393 7391
12137 12463
19895 26983
5995 16837
11294 26790
11930 13153
27922 27919
16538 16836
9399 641
17311 7863
24160 11344
20996 20993
25744 25739
6920 16220
27923 27920
1171 17025
21278 25895
7697 3345
3172 1529
26646 3590
2708 2706
8177 27925
16156 4878
20530 5887
8503 16655
532 530
20855 21139
7692 6793
4221 5966
23404 11482
12417 13770
19826 27004
7463 7464
4353 14078
7426 7954
12555 15806
595 2312
7117 7464
7043 9501
6277 3323
5053 20582
9129 3238
8017 16388
2176 3986
2684 12678
7118 7465
1198 18039
4134 11043
8198 1947
634 1867
26401 8346
68 4079
18212 2356
14760 24662
26992 11294
6955 6769
11412 5332
21079 21269
5752 4754
26898 27731
20855 22693
20489 233
20475 5290
11971 13023
18265 10849
26912 24102
12976 12987
8184 7875
27246 27245
7772 7064
10860 10862
6411 6412
7043 7263
19288 15971
9623 8705
21809 21379
433 686
3294 17045
17011 17010
4691 6093
16869 16023
2406 3522
18111 14768
16591 9779
11042 13764
690 756
15603 19172
20353 20352
26845 1947
17012 17011
21009 21560
26841 20407
18047 8187
27933 27924
19801 24305
652 11203
972 3071
19555 19554
4590 4591
24309 19801
8570 16698
19557 532
17908 17907
20602 2747
3595 5085
11525 2104
5995 8546
26548 26542
27929 27926
20475 22156
27941 3957
7611 7581
9323 20993
10205 407
24307 24306
4647 20702
6875 16323
5436 11557
27926 27920
992 5236
375 3202
16612 15966
27918 27916
7360 7361
20553 20763
27930 27927
11979 12747
10160 12944
7415 7642
26509 9474
20740 20738
1183 9153
20764 21620
27919 27917
18567 3212
944 2163
25743 25741
6027 6664
21139 20600
6125 6153
26670 1434
8901 16955
4375 18149
19563 24081
17633 2404
25808 21297
19510 20728
26893 6961
6362 27299
25744 25742
1069 18149
24697 16921
529 528
26887 26888
6157 5961
17218 17214
17997 17998
7199 9636
5980 17556
2176 570
20032 4939
19056 20377
17479 21944
26404 8346
22550 12822
27283 27153
4062 6519
149 14881
8197 7017
19871 14555
16783 8362
4562 25186
16195 16185
1563 1803
5075 2402
25270 25269
15978 16336
6964 6965
10862 3844
18744 24284
21888 26851
4809 2697
5219 466
7642 7703
1503 971
10863 10862
6950 17009
26404 26403
26574 11273
6771 16449
14193 16445
2578 3623
1701 52
20734 20793
6905 16449
7785 26670
13535 16445
3345 992
5915 11280
5851 6457
6782 4715
7574 18121
17086 11144
17068 8881
24390 11493
27929 27916
6905 6771
20815 21540
19253 24282
19694 1430
20873 20578
17439 16143
2772 12506
12293 15786
2331 4770
16303 27773
19863 19552
5524 11925
9660 17635
4939 4590
15739 7171
19015 11169
27921 27917
6920 4163
12095 12094
27435 24905
24284 24285
27932 27926
9409 5078
11307 9275
8881 18099
1700 330
11137 233
992 10186
27924 27922
11911 13096
27409 5290
20382 17084
4955 9409
11925 12851
16837 17062
7509 17215
23412 10849
6576 6573
27933 27927
8033 7043
6811 7230
27925 27923
7510 26744
16031 7284
4384 288
15910 3876
17646 17645
13016 5950
11419 11178
7244 7117
14851 2134
24078 19871
533 19556
12997 13664
11232 97
224 227
8153 25803
4172 3937
535 534
6606 11412
11080 5332
25739 25738
27361 11378
25010 27435
27419 27418
21781 21117
12855 339
6251 6525
11780 11687
7345 16855
2232 6238
11327 26937
2245 11361
18162 17768
1550 282
1700 6085
20634 8682
17216 17215
20529 16622
8553 1314
14193 16664
546 548
3346 5142
20553 22837
8326 8325
2011 18778
11602 12094
728 5134
25794 25795
18791 11410
3107 20029
27773 9866
17217 17216
21732 22694
5490 1938
2722 445
1432 1431
26478 26427
27946 27959
23990 24839
27249 27244
26806 17778
15924 27959
8567 9290
8180 18186
6251 6237
4425 976
7867 8570
68 24308
20378 7794
11637 3277
23404 5939
21246 21079
1773 27244
73 71
7703 1228
11965 14599
18394 10318
11869 11656
7424 8000
2591 2621
1003 8492
6970 7092
5882 5881
27932 27916
10041 18485
21562 21580
8017 16852
27994 17045
17772 7796
17088 7509
20513 11258
8197 10632
27933 27920
2253 4962
20382 17074
6013 6566
3590 23272
8240 17009
18208 11481
6850 18286
7868 7869
24468 10626
25425 25560
5053 21311
16635 9518
27933 27917
15947 15942
7166 9403
19555 528
1588 901
17907 17905
2049 2953
12545 12033
844 340
16040 8033
15969 15966
26510 26509
19528 19529
3171 3173
20765 21277
6932 6957
686 162
11257 11371
27928 27923
15691 15692
27920 27919
25349 24905
4152 26543
27931 27928
15613 11837
7574 23313
17382 17381
7164 7199
27921 27920
26820 26819
633 19754
27932 27929
25114 22643
23256 23257
25742 25738
24282 11266
27994 27989
21009 21386
5388 23114
15924 5318
1008 1731
19587 7398
4387 3298
455 3245
20876 20713
10300 3876
24574 26835
3566 17680
2487 5901
1730 6596
27147 20361
1473 2361
2090 6759
11707 11584
17992 20585
11062 18119
3404 3623
2946 23713
24436 1237
7738 17162
21464 22051
11326 19706
6383 6382
4615 803
16990 18331
5142 7373
11257 26925
6951 17011
4134 1024
24554 14555
4163 16214
8053 18485
20524 22481
9473 9472
27931 16915
6797 17218
24346 6569
26912 11374
26427 7095
27937 4163
1832 16793
11327 19706
26403 26400
8626 21092
17055 2074
3590 26645
2708 12442
17182 17719
8881 23713
24242 1758
992 7627
18099 8531
20031 3107
18094 2674
7369 27773
17889 1747
1717 5853
12851 12852
12987 12633
11258 11097
7479 6936
27931 27918
11144 17082
6875 3294
19871 24553
8771 8799
15910 17303
11930 13152
16751 16750
11930 12923
357 1904
2355 2353
20644 19521
4879 12345
17961 6732
20996 20992
24078 19563
1668 23114
27923 27919
7415 17015
4785 19248
142 1198
13236 806
26546 26542
16273 9663
7426 17173
20997 20993
20417 20418
12525 6801
6080 6070
3273 2105
6644 2765
2231 5520
17060 26746
2765 4853
5322 7703
23404 11481
20855 3876
27927 27925
7611 8444
26647 3590
19598 19597
2951 13839
16445 16127
20489 11137
1010 15916
27825 27819
1938 5834
7867 8406
27334 6362
17164 17162
16592 16591
9518 16667
22744 11178
1947 1861
24286 18666
23224 1198
6874 6875
26745 23345
7118 7464
4140 18664
5995 16849
17454 6792
7986 3338
15980 4134
27421 27420
26893 26892
26289 20361
19594 18781
22288 1635
5076 19288
24493 26994
629 655
8674 17861
6759 7238
17062 6798
10186 8553
6969 6968
8328 8327
12997 11877
4721 12186
6755 7533
2355 18666
17219 17218
18039 18040
20634 20365
17479 3559
1717 330
18266 10849
4613 6847
9499 9083
20818 20860
17454 2074
25349 25114
4526 2498
20582 20583
17526 16737
17439 27960
17012 17010
1717 4387
6252 26547
25742 15739
7638 6955
1171 5674
16592 9779
525 395
20472 22028
1228 9183
3273 11364
16293 17439
2946 18059
6771 7369
4008 4005
17474 5142
18922 5533
18111 15791
27420 17382
798 1758
5094 3485
27927 27915
7597 7596
965 11060
4163 16567
22026 22027
5318 27959
9561 9560
11601 12944
5479 18379
22018 22023
27915 16915
63 342
27246 1773
16101 7676
17448 20438
27930 27926
433 6211
7703 3678
26509 9473
7219 26605
6155 6175
17479 11794
20711 20710
19253 11266
27919 27916
7164 9636
17778 20578
262 1719
7264 15910
16467 20750
20032 4588
11147 11052
15901 15909
12291 15641
21513 21514
847 1097
27361 2141
26806 20578
27922 27921
4442 2517
16467 16140
8384 27955
20996 20995
10575 6167
466 11842
25744 25741
17778 7782
27923 27922
7500 7412
435 1646
7597 16204
26798 25189
6784 1314
7286 16199
9409 5388
6311 7101
19174 806
4303 9119
21598 12963
24078 24081
27266 27100
15910 9663
25737 25738
7139 7140
5726 15115
17352 27946
21579 21580
11457 21723
7975 26745
797 1366
17214 17215
25743 18169
26928 26960
13626 13588
16156 16750
4964 6771
25881 27444
6950 17008
1198 18041
26404 26402
159 2134
4474 756
8180 4375
22744 27216
992 8667
7054 7302
11989 11991
9978 12426
6835 7380
15825 12076
4428 9276
27929 27915
22643 27435
13766 15589
3291 10361
3400 6704
16206 16728
12330 15029
27930 27916
3018 10202
17824 3566
11637 11724
20365 20472
15944 15941
15652 15653
7769 14050
20382 20381
27114 2074
23041 21967
24554 24553
15901 16802
27918 16915
17904 17903
20130 274
27933 27926
490 11286
3590 5116
8827 20378
27925 27922
8192 7215
2946 4785
10192 12283
20947 20949
23413 10849
5388 5390
16204 7799
19557 534
456 5142
1008 4652
12580 25389
27929 27928
26548 26544
17380 17381
5961 6420
16303 7369
3291 1069
22442 24160
7633 6964
17479 9775
534 19556
20644 20538
1198 25723
25739 25737
27926 27922
19839 16992
7444 7442
6344 6343
3595 12033
3126 15081
25740 25738
3686 7196
26851 6961
25881 2408
21862 21226
27940 27942
17162 16111
6964 8531
4721 23218
18162 27337
536 533
21009 22707
14075 12506
17217 17215
27165 27164
7403 27942
1432 1430
18132 4045
11051 11203
11656 14315
7597 6902
20426 20436
11361 9559
17218 17216
27960 16143
12417 12198
922 2676
18394 10317
2023 18149
12076 385
5322 6855
3298 15988
8492 255
6824 8120
15825 11922
15508 8194
22212 19510
1024 2952
20702 18390
314 312
15909 8883
21379 21378
27929 16915
5882 5880
627 629
5094 10231
27152 26937
21562 21579
27225 27299
2355 18744
21278 10300
23225 10109
16156 9663
19611 194
3291 24436
701 16793
18744 24286
595 596
19904 330
6956 16268
11128 24116
3566 6964
8579 6940
27933 27916
6950 17011
16402 16485
23041 21319
6458 6457
52 6175
15947 15941
27781 9208
4041 11952
274 1529
20828 21476
26912 11419
628 629
7416 16783
6782 6932
2435 6551
834 734
20577 20582
6383 5874
8570 11177
27929 27918
686 161
3921 4573
26995 26994
5854 4069
3298 9140
17060 7975
1505 19597
26574 26937
5907 6704
17645 10471
10277 9549
9625 9623
8626 20993
1155 267
4939 4592
3073 20578
27921 27919
20692 20690
21009 7794
12031 2547
16988 20644
18856 4353
25347 16608
27932 27928
19905 1700
19904 6085
14193 13535
15850 9978
557 546
976 18960
26408 14832
27247 6362
6849 6850
3525 35
2232 1653
6576 6575
15965 17055
27933 27929
6956 16101
12528 11611
15909 16336
690 11054
1588 1587
73 4261
234 1097
20382 24935
9412 6747
3562 12461
19871 24081
10160 11601
21009 21277
5490 4034
26835 24102
11509 758
10866 10860
12291 13625
11042 3129
14847 1204
16156 17646
11145 20632
26548 6252
5995 8227
19424 19425
5479 10068
7574 7640
5933 5134
24574 24102
6964 5236
8875 21072
3566 8531
4084 3273
24073 24345
67 14287
27932 16915
5853 4387
21679 20698
24901 24991
908 902
8881 23712
27938 4163
17479 21010
52 9548
24934 27419
27249 27246
4055 4643
16198 14466
68 24310
9849 4955
5680 15692
25347 27408
12479 12076
26399 26401
7703 7646
20460 15971
20489 20873
1668 1529
3172 274
27931 27917
4962 1411
6344 4746
5995 17015
22924 22422
378 15841
15764 11766
274 1411
6776 16268
10575 9870
20377 16467
7015 7016
6956 7833
21732 21734
6362 27245
27932 27918
1411 19516
13126 18604
20454 22694
22002 22003
14760 13343
20382 25298
8240 17011
16643 22027
9920 7171
4588 4589
24117 24285
20997 20992
27925 27915
1041 1817
4134 9114
4785 23713
19555 530
7416 17015
4062 6236
22018 22212
7604 4383
26547 26542
1717 3385
17428 22073
8883 16336
27927 27924
15969 15968
17084 25189
21009 21002
6798 17496
6771 27830
690 692
4084 11364
21540 21541
6010 6009
27928 27925
27955 9714
17778 1928
22228 17448
9412 7676
4152 26545
27931 27930
8384 9714
19587 19702
11780 11679
9414 8094
992 17474
6776 11177
26806 1928
11433 11226
26845 27403
17080 7633
24222 24687
11875 5680
27153 27147
8033 1908
16056 17140
15288 22781
23224 7649
4970 9772
5388 16664
932 17837
19080 21448
7415 16353
26746 23345
27436 27435
25742 25740
2565 4389
24574 19253
388 448
18740 13126
1928 20578
8328 8326
11833 11955
11602 14566
19238 4134
27437 27436
16449 27773
7164 7093
17219 17217
25741 18169
2271 26924
6828 17352
4613 6846
17348 8242
13546 11862
11714 11711
3572 9997
20891 9094
2668 7412
7738 17164
25895 22693
16635 27819
17439 27959
11404 11405
14854 19906
19598 1938
24013 11493
23114 701
12117 15133
25333 25284
19822 7424
6252 26546
27946 16143
1950 11827
87 11194
3404 2578
27989 16513
26402 26401
17080 16951
14126 12787
1904 456
7784 26670
6956 6776
2583 70
20852 22693
17479 20977
20382 11144
12479 29
16402 27818
330 5853
26403 26402
1579 1190
7444 15984
3566 5236
27420 17381
11438 11439
16270 4021
27305 27751
27936 16214
6828 27946
25298 14193
1228 1261
4613 7906
7178 6596
19552 16172
16258 8476
9885 9311
4387 9549
7129 21378
8187 10057
12855 2271
20994 21092
1832 701
7719 15959
2176 24305
68 2176
27928 27915
24312 24306
27916 16915
4160 25227
27931 27920
16997 41
6253 6251
18170 3345
17902 17903
342 844
21278 22693
11626 3129
756 3867
20952 20951
966 967
20996 20994
23411 10849
16828 27409
11267 11269
1114 722
229 1577
6606 4425
20553 19521
24117 803
7782 17677
27923 27921
20198 19064
26546 26544
24991 25273
7415 16837
23222 20632
20997 20995
14050 26396
8177 27926
15924 16830
11201 706
1109 11080
7337 330
16513 17045
11180 26841
5995 7654
24901 7300
22018 25333
6950 11144
6787 17453
533 532
21342 20440
7738 16480
7975 26744
4953 4955
992 1491
6793 8344
4785 18059
20974 8035
6362 27225
534 533
6847 7906
4428 1197
24554 24081
17068 18099
25744 18169
17526 8360
2541 18637
8567 16303
6798 8544
7054 7301
3517 14602
68 19801
15691 15144
3097 5156
6784 10186
12198 12429
22693 24991
27076 11145
6771 27774
7337 6085
20689 15980
6798 17031
16667 27819
6458 5851
7178 6586
17062 7703
4055 1747
16635 16001
20372 22051
17668 7253
17680 2648
330 4387
4041 11611
342 340
1090 18664
3566 10186
16592 16570
2736 1097
4425 6389
6574 1717
20841 22422
16751 17645
23983 24242
15975 15963
19801 24306
2668 7500
11327 11273
7837 5854
23224 10109
27919 16915
20774 22597
1372 17680
2408 21275
6797 7509
8177 27916
22228 20438
7839 7886
19557 533
20375 19510
27283 11371
4770 2752
5995 7415
7043 1908
9331 9329
433 844
8682 20440
9920 17866
20460 19288
21307 21110
12279 12924
7802 7064
16273 16156
13766 14289
27926 27921
13766 12977
27930 27928
26510 1069
17164 16480
5236 8531
455 3986
11374 11097
21386 20393
25740 25737
11835 11837
16988 19521
1314 4241
3382 5014
27919 27918
27936 16567
382 883
20373 19521
1503 5834
789 75
20032 4590
25743 25742
26075 22051
23222 23223
11189 2011
9262 16855
20577 16547
723 395
20198 15733
17163 16111
25744 25743
27402 27664
20855 16677
5134 9687
11544 15830
20749 20451
2057 4061
16633 7171
2207 1376
27246 6362
11326 11178
26574 27103
18926 4615
22441 7992
12076 4585
687 328
1429 9187
26076 22051
19937 687
10204 15652
7697 6732
20427 20436
3522 1731
26820 27164
18041 7196
210 748
21015 13632
9226 3812
69 8393
15910 8883
8511 7479
16952 16951
3742 4745
27930 16915
16040 7043
26937 11326
9227 9226
6950 17010
17668 7364
11794 3559
142 25761
17220 16622
8209 16992
6755 7237
25010 22643
8324 8326
356 19188
7550 15959
27436 25010
20365 21485
20664 4928
1008 7710
9779 16011
27929 27917
19694 1431
7640 18103
6155 1701
16303 27774
18413 21862
16591 7447
27930 27918
13152 13153
18379 10057
22693 16677
15944 15943
17219 7509
447 445
15947 7875
163 686
6085 330
4690 15672
17646 10471
17667 8279
18651 1359
4849 16748
16059 8839
20393 9775
16449 9290
27933 27928
6828 7729
27925 27924
6920 16214
15707 15706
7510 26745
19595 19594
6846 6843
16751 16156
13766 2242
5318 16143
27248 6362
15909 16335
4169 5239
7171 25738
3590 14917
20511 4928
27835 16101
883 10810
4691 4906
17012 8240
2344 288
7403 27787
2951 2952
20511 23129
26548 26546
14847 17742
7633 6966
26550 8311
21149 21579
27926 27924
8158 9560
7171 17866
3653 14075
22442 7803
22549 20352
3894 8768
7369 27830
1491 18170
12525 9361
16156 17645
3279 687
14193 17074
20378 16979
11971 11584
19248 18332
21276 2408
13236 19172
20602 20399
26478 7095
536 535
11049 11245
25743 7171
3107 20030
20996 8626
25114 24905
4134 11531
14952 13306
17479 21009
18567 14592
4613 125
12678 11827
27249 27245
24934 27418
21679 1894
27933 16915
68 24309
3126 3455
24296 24803
6994 17802
6776 9766
12417 12429
6782 6957
15829 15830
455 6181
15850 2792
22800 20994
16802 16336
849 4005
10186 1314
7149 1008
11602 12890
11169 11053
4955 9135
20031 20030
23713 18151
5955 6132
26980 4610
21562 21581
27932 27917
26888 8319
5845 5851
18103 9474
6776 6769
14007 18654
10863 10866
9951 5617
27933 27918
16206 15938
7093 7199
24117 24284
11051 11411
11454 11307
15947 15943
7646 1261
12291 15708
19597 971
1198 3493
1894 1619
92 1002
3323 6835
27929 27920
3762 13707
7345 9262
18481 18028
27928 27924
24310 24305
27931 27929
9647 8398
16854 15951
27938 6920
11433 27175
25895 3876
21276 26076
1938 19603
9978 1261
2312 596
27932 27930
5479 10057
7412 8799
6362 1773
22800 21092
16056 8279
20994 20993
557 548
133 1798
25742 25739
11419 11326
2355 4615
19905 19903
20130 1411
21554 9581
26995 24493
26544 26543
23224 23225
19097 11364
7416 16353
27437 27435
2212 1942
11439 803
6132 7848
26845 11344
17479 20361
21112 20841
16988 20538
15910 7263
12081 11912
9414 2737
16293 17352
20511 27153
7738 17163
22707 8827
6920 16567
9414 9418
20793 21475
2245 9559
10866 10862
21278 3876
17741 17742
11146 11145
15966 15910
9736 9734
6956 6955
2356 11461
27104 3323
25273 25274
26399 8346
17763 17617
5322 9183
8881 19248
24793 2271
26866 233
12890 14566
19595 8054
9518 27825
26403 26401
14068 13635
20408 27676
11169 11393
3455 15081
11070 11042
4384 4061
27835 6776
12527 11890
11051 2361
20794 21475
6038 17352
24934 27421
11169 2353
16293 27946
27937 16214
4407 10051
68 24312
26399 26403
8227 7654
11144 20381
16570 16591
27931 27919
18071 1904
1253 6393
27421 17380
19871 24554
9270 20004
3077 798
11476 24274
18265 19153
11930 12924
18173 6238
95 1002
6238 18172
13599 20367
14917 23272
27924 27916
17955 8410
1692 15479
12495 8272
14665 12928
3323 4731
6144 9497
20796 24940
6956 9412
9524 7991
5531 1197
9361 6801
6038 27946
12855 24793
7147 23272
26546 26543
11476 24130
14193 5390
20997 20994
24307 19801
20989 20990
19555 532
19153 23412
6875 16513
27927 27926
6797 17088
26547 26544
13739 14232
24991 16677
15966 16273
7633 16951
5332 1109
27216 11326
14778 21477
4165 63
27928 27927
535 528
5134 41
23345 26744
5854 3894
17164 17163
9978 1228
16828 20475
27939 27936
534 532
26937 11273
27960 27959
16570 9779
4286 734
2941 17703
848 844
20770 21072
6648 6649
21015 27435
5490 19603
22156 27409
3118 6181
1082 16997
6771 27773
7782 20578
6905 27773
15786 12299
14212 15853
1645 1947
11422 11340
6755 7534
6072 6080
15692 15144
27959 16143
17326 7403
8945 456
1008 14832
15707 12234
26402 8346
9524 7451
3346 6798
22718 27005
26974 27002
3370 1908
6406 18119
11714 11713
8167 1851
11794 21010
14564 14736
18612 18613
6828 17439
7991 7451
10860 3844
3215 987
20841 22421
20102 25645
12442 9153
7638 6956
378 377
26645 23272
6790 20710
6575 1717
8007 9562
17326 27940
1154 3407
7093 9636
11164 11165
8177 27915
15980 19460
24328 517
6951 8240
26401 8624
2011 11286
4172 13419
20764 21944
7147 26645
27927 27916
20423 26984
27989 17045
12279 12923
4428 5531
5318 27960
17217 7509
16851 6857
3273 3264
9136 16099
3562 4041
12291 15786
2176 24307
27928 27917
24312 24308
765 3158
3172 1411
17082 20381
27931 27922
16221 6955
22800 8626
455 3118
26402 8624
20032 4589
17219 17088
16480 16111
11930 13830
16608 27408
18216 18217
5680 15144
27937 16567
18481 1747
26773 17778
4746 6343
11544 15829
6776 6824
18926 11439
27334 27299
455 19189
8114 4045
20343 20436
2231 420
27104 6277
8177 27928
6072 6070
19080 19081
25787 1653
18789 24121
7975 26746
7767 8781
6167 9870
25846 25273
17068 8531
17959 23291
20793 20794
1183 41
25761 25723
8567 16449
69 844
4770 6412
10240 1237
652 756
7244 7464
9723 16402
2277 20170
67 5844
16432 21646
8324 8325
7144 11169
6116 6117
6798 8546
4779 17837
20505 20512
11257 883
8567 6771
3742 1253
3542 6295
10027 10025
416 2730
1430 1431
20996 20600
1782 4134
8023 24054
14952 11774
10318 10317
10863 3844
3291 1237
27247 27244
27437 25010
14300 11768
254 10810
4165 26839
18165 18004
5076 20460
7017 5142
27930 27917
21276 22051
6260 5874
1090 21110
3018 10203
11371 27147
8177 16915
26898 27361
15944 15942
20198 1228
16728 15938
20780 20343
26404 8624
2951 1024
11327 11419
932 930
16191 9403
25803 17331
6236 4204
7703 17031
5460 26843
12094 14566
1008 8769
26984 20575
11273 19706
15945 15942
16293 7729
7171 25737
15937 15938
8177 27918
10060 9361
2047 2953
20643 20538
27331 24102
7017 10632
3291 18103
24308 24305
26548 26545
17380 17382
9129 77
4134 2513
17479 20393
7633 6965
6787 11258
27926 27923
7043 15910
9370 7867
1421 2792
4387 10277
7444 7443
18856 14078
2090 7237
20992 20993
6277 2004
2277 17680
11155 6036
2305 10051
25740 25739
1773 26894
13401 8393
26408 6801
7361 16750
16258 9469
20032 4592
20102 2176
14075 15805
536 534
25349 21015
5520 420
26912 11178
3566 18279
171 149
13632 21013
834 4285
11457 27204
25744 7171
20997 8626
17218 17217
1372 2648
9270 11055
18151 18059
18613 19173
3957 7403
15924 6038
20408 26841
8883 16802
22800 20993
12289 15842
24697 13662
16221 7164
21640 20517
10060 1008
20031 20029
20352 21018
24100 24783
27152 26938
1411 1529
11194 11145
7533 7534
10864 10861
16698 8406
847 6182
20440 22070
16677 7300
16206 15937
6950 17012
5493 7533
11532 1197
7638 6769
3485 395
21015 25010
6606 1109
3957 27940
6964 1491
16395 5143
20577 20583
20378 21277
21009 16979
433 162
171 11911
26978 26906
7839 8781
14592 3212
20352 22716
27216 11273
27929 27919
19863 16172
19598 971
27249 1773
20365 20440
16388 16852
7581 7582
18744 18666
26898 11378
17084 20793
27930 27920
21276 26075
16001 27819
10109 25723
9920 9083
24311 24305
3203 5907
9037 23374
6252 4152
14917 5116
5995 17062
6771 9290
6776 7676
20994 20992
27922 27915
9207 27986
5436 5435
19905 19902
27967 2668
27933 27930
20696 20697
26544 26542
23983 798
7147 5116
17772 18282
20995 20993
5933 728
17084 24935
3345 16729
7171 25740
1505 4034
26545 26543
2474 11889
3566 2404
11637 3712
2946 18151
2176 154
6525 6237
7166 4613
11354 11353
22292 24979
20377 9581
4585 11922
3762 12672
10866 10861
9037 2068
14031 2785
