28085 5015
8570 25721
6747 16350
26636 26638
64 4190
26434 26689
26281 9148
3246 4425
9556 23658
20965 9957
106 107
5854 6805
6007 7047
3894 9012
27909 16452
11487 11486
18422 4353
3566 1491
7633 7596
15901 9418
16837 7642
7132 10697
24991 22948
3858 3999
4932 2342
17959 7867
1496 3129
18255 18253
310 300
18510 18708
5492 16386
7218 6805
20578 233
10136 3318
2518 19254
20928 20762
20841 2858
302 301
4194 4190
23894 7867
25750 17617
12479 3966
28083 10407
6187 6186
21728 21727
56 1938
20698 21589
17961 7697
24163 11532
21275 22051
16847 1903
7915 7914
21049 22233
15954 16854
17204 3345
1529 1841
16092 6881
7915 1619
15230 15224
6661 10670
51 35
5322 9777
14193 16130
10444 6170
22051 20528
26843 11088
4197 4191
18634 7106
6798 7642
20308 22477
26884 22645
3252 20901
2074 7804
6824 6769
7003 7000
20644 21729
18262 1060
7864 17249
20410 20515
2047 2049
9841 3345
20442 21487
3041 17661
19018 19015
10163 10162
16467 16058
15965 25202
10202 705
17942 17943
24319 491
3559 21680
2119 7415
18012 3894
2457 2455
7719 7718
9518 16143
6165 6119
7663 6776
10407 6829
4319 4412
934 4528
10865 10861
17467 16387
5898 5896
6144 5134
17205 7756
20483 17084
16447 3876
26308 20996
20553 9909
3263 8166
7044 16129
23909 20123
6519 10831
7423 7265
2355 19022
20995 20992
22805 21241
15966 15967
25746 9070
3903 6927
11762 12782
8881 25721
8346 7132
15231 15225
18259 18255
7423 7386
4953 16698
6643 5999
552 6546
18533 18531
323 307
25751 25750
26835 11306
8279 7263
24374 24373
10398 7264
12353 26819
17185 8406
16152 8034
1747 1624
25241 1677
311 310
6465 6464
16979 21254
20855 21641
3612 991
23911 3041
25818 25817
8964 9409
2027 2028
16592 16011
9473 1069
4338 11833
27147 27126
16440 7740
1894 1620
27153 11076
25425 25189
21379 7129
6251 6252
2356 9558
416 7250
6937 3318
7134 7767
25800 9009
26846 15655
6328 6327
18708 18723
11989 15766
322 310
652 185
10729 12722
7914 1620
21944 21638
693 18912
21009 20377
5658 9134
5995 7736
2943 9718
1198 7649
22515 22514
11147 20186
3542 6519
64 4192
913 4403
3566 2648
11482 11481
12855 26924
3812 6501
25126 15699
15900 27908
5173 1225
7464 9883
19706 27004
159 11003
12696 8033
7380 7381
9501 7263
27283 571
3858 4001
5388 11743
20873 11137
17963 17962
4647 18390
21087 21454
802 91
6875 16671
3894 5765
310 302
4198 4190
6930 6929
2456 2163
5933 3033
10862 10860
992 10135
159 9151
8827 21002
7839 23342
18672 16678
17734 1119
3493 7649
20734 17084
4592 4588
8487 9418
26690 26434
18510 18723
15991 8629
8553 6776
22484 20436
24439 2047
24793 21500
1645 96
15901 17259
7264 8629
14078 14075
4375 18186
1529 1843
15230 15226
20400 7129
11327 11178
3876 16445
6606 3273
4197 4193
8007 6929
10186 10135
7582 7581
26690 26689
10729 6132
27011 27010
19253 26835
6144 4652
18168 18167
20442 21489
5828 1908
22100 22098
12727 7196
6644 6372
2090 7238
6214 10467
517 6444
12479 385
17348 17206
15963 5388
16771 3612
10406 3102
26638 26633
357 456
20855 10300
10318 6143
8158 3566
18398 18053
5195 19132
20863 20862
11164 15589
734 1732
2355 24380
11327 26843
26743 26403
21112 21044
3118 16445
6805 6050
15889 7263
10163 7265
3246 6013
2162 2229
17578 7185
7461 18634
5997 5998
6104 1694
17153 9409
12696 12423
21278 11254
10163 7386
189 188
1389 14212
17097 17098
18537 18531
532 527
15975 16957
15231 15227
18259 18257
323 309
16150 8034
9095 17960
307 301
4195 4189
8030 6790
16006 16428
2008 11345
24793 26924
18824 27168
405 6592
78 1767
20489 27147
9849 5078
27154 7129
20438 17275
10934 1624
24424 24209
6615 10732
10471 1570
6041 27907
22718 27208
11196 2011
4970 9015
22596 22492
17963 17467
11374 26863
21452 25258
22768 24935
6902 28064
2797 19223
24991 7300
416 728
6429 1951
6291 10648
8785 9772
322 312
5882 4707
7263 17345
8032 12423
5053 21858
17345 7043
9474 9472
26799 97
8883 9418
64 4194
24901 22817
4002 3998
21729 21728
7427 5388
25025 831
27781 5388
11743 16664
2163 2452
7428 7424
16082 28008
7767 8058
3876 3118
27283 573
6762 18301
4583 206
7320 16535
1516 79
20574 23042
4198 4192
7691 15889
23910 23909
1443 1442
6194 6193
6993 2153
2068 10246
21881 22202
20472 22068
27781 6811
7646 6855
4592 4590
6014 17495
18910 18659
27909 27907
6961 27168
9833 16853
6994 10312
24439 2049
20952 12963
14619 23813
272 412
19253 11306
3272 7773
18629 19706
531 528
7368 16272
3844 10860
15230 15228
25025 18711
20855 25202
7464 8517
11440 11057
2706 10637
11493 9937
7697 15666
24445 19075
4197 4195
8192 8963
6774 7289
78 1835
18012 9012
25750 23474
69 5169
6661 1346
5749 4233
6905 9290
24963 24905
5987 5983
2544 5892
3445 9003
22282 11258
5933 3653
8553 8551
6979 6852
10225 10226
23081 1677
21279 9425
456 9095
27155 27154
41 4652
6956 16825
6994 16299
25748 17617
7264 7263
7140 1491
961 959
8153 3345
7863 17098
7966 6902
11076 21076
16924 16112
21397 12813
24602 17425
6562 6294
9095 4888
9841 23431
1844 1841
6811 8728
16447 27908
536 527
9140 15921
21276 21275
9183 4893
18537 18533
532 529
4208 21796
11201 8023
15228 15224
11353 17691
311 301
11455 706
12855 11371
15231 15229
314 306
8037 6795
25025 24940
6762 1228
2245 2242
3203 5658
307 303
4195 4191
26692 12722
5134 9021
7864 10408
17942 23813
976 6181
16846 23358
1913 2011
9359 9683
7530 11178
4545 4546
5076 12813
7461 7106
7916 7915
20701 22346
21002 21254
306 320
1008 6779
322 301
20291 20906
7691 7689
535 530
21922 27239
9456 9592
7043 15991
3129 1497
17655 16535
15910 16452
7185 7184
79 2771
23115 16535
9182 9181
1531 1060
15353 17702
324 323
21278 27968
16092 7424
5322 6937
317 320
10863 10861
27011 18678
24581 24642
16011 17271
9518 17249
4002 4000
3944 22718
22596 21581
19022 19021
21562 22492
2163 2454
2013 1692
8034 7236
3758 728
1345 1943
20734 22202
5912 6119
20997 25056
523 522
7663 6956
1314 17532
17139 8629
3318 17960
4198 4194
20949 3673
8037 16299
6762 8517
23909 3041
77 18619
346 350
20321 6706
10936 10934
6247 6243
11845 13899
26692 6132
11762 11915
22931 22930
1841 1840
4935 4931
2517 4045
22101 22099
19407 7574
20762 22640
22717 22718
3298 6902
8153 16729
3731 10167
1372 2277
16652 16205
1380 23042
21311 20761
23326 11054
21641 20370
24445 24446
3745 6251
7692 7043
27858 16148
20323 22202
16430 7353
28083 7864
16058 7481
20855 25217
20589 3598
2529 1385
5987 5985
9293 18004
27152 26845
9182 1665
7296 16101
11353 18485
26925 26923
6970 7421
25006 25263
6013 6630
1266 5933
1841 1411
7649 10109
17621 10781
1305 9015
7767 7886
25202 22290
2355 19015
19958 9877
20346 20347
5933 756
2684 12545
6828 6038
11845 13712
24160 27403
23660 7640
323 300
2355 24505
22759 26837
7393 7392
11532 17803
1844 1843
536 529
20323 21881
8384 27954
17964 17963
18110 7171
532 531
24209 24420
15228 15226
311 303
22158 20618
24940 18711
6762 7646
8785 4970
2245 2244
1477 11003
24422 24420
3896 3897
4195 4193
21702 22674
7649 25761
20901 19656
4689 1668
26434 26550
21342 20947
18258 18251
20780 20426
990 991
6798 7703
322 303
4062 10443
10399 1735
3203 6023
6787 6790
25750 25746
19051 21455
535 532
12709 16987
317 309
20373 16187
17466 22492
11018 6294
12296 9126
10849 6522
26992 26790
26508 26448
26636 26633
4197 64
18910 19092
24159 24157
21009 8827
321 320
8202 8674
7073 6837
26691 26690
4848 24318
317 322
21357 23015
27909 16447
8396 8395
16432 20299
11007 10319
11786 18422
27678 17682
3562 21487
2943 1443
6905 11696
17733 3493
4935 2342
21658 22202
1192 1730
3318 4888
19103 24465
7428 9414
8877 9849
3669 2607
7445 10226
7132 10934
15924 16957
18678 26810
20765 21638
19697 11217
20438 16850
18166 18004
12830 11479
18821 2134
1069 2023
6774 10071
11743 4428
6472 6471
26690 6132
6755 6759
1269 1266
20428 20834
67 2105
12164 12715
6247 6245
2334 10406
8346 10697
23710 19664
16609 25007
22948 7300
24320 24319
4935 4933
9315 15699
21011 21010
9 19254
3566 7581
17315 1491
19407 7576
10729 26649
24296 11251
6418 7123
2937 4525
21658 21881
16388 17962
6519 6128
20997 20186
11383 7144
1228 3318
16152 16150
11493 24170
16850 5053
8624 26502
27375 25859
19021 19015
21491 21488
4165 27376
17152 16092
4785 17672
20350 20967
19021 24505
6936 8765
7463 7464
5509 67
16082 16161
27968 3876
8836 16198
16934 16148
10136 1261
7772 7064
15921 16364
25546 4160
1529 1528
26281 9453
407 10203
17067 5134
22560 21139
13401 17803
15989 6039
18259 18250
26974 11258
17937 22171
6718 21858
10136 456
323 302
2456 2453
6525 2740
25751 25745
456 1060
6696 6005
9485 5306
536 531
6774 9079
10136 2792
3594 1225
529 528
23119 16686
26396 26836
9583 5999
314 310
1456 2315
20400 2747
10878 5509
1477 159
2090 20802
15850 3318
24320 13528
10839 333
18745 11080
8153 23431
20489 27153
9409 5078
18280 18564
3731 6023
5985 5983
18258 18253
10875 9129
5748 5747
3497 4809
10933 6626
25750 25748
6188 4743
21326 20537
7691 7693
535 534
317 311
2245 11361
20855 16643
17718 23240
4248 9938
8726 6983
9409 16058
20378 7794
233 11055
26404 26743
8517 3318
25746 17617
5996 1028
17772 7796
4848 24320
7914 1978
25261 24900
1588 901
3562 21489
16922 16112
9501 15889
6841 6839
3562 20442
4652 1117
22166 24970
17466 21581
27381 27152
18041 25690
17475 13938
7864 6829
28060 10407
4961 4962
9181 4893
16388 17467
11076 15766
17086 9403
17785 21684
15910 27907
10935 7132
23042 21648
3894 3895
346 341
11419 26843
27154 10089
7415 17532
5388 17699
16955 15992
7283 2716
3203 3731
26690 26550
10706 10705
1730 6056
18110 2919
5173 1717
11457 27377
320 301
16042 9501
25258 21450
1767 6096
9607 7471
4932 4930
585 4140
585 1925
17258 16006
17487 4983
16091 16388
19958 21156
16006 2731
629 655
6141 8766
11724 12687
18789 19664
806 702
9276 1197
2316 2315
16713 16714
315 320
23910 19969
16592 9779
26402 26631
18922 5533
8682 20847
1253 990
9518 16127
4163 16567
12009 9126
8384 9260
24581 5332
16058 16466
25421 25496
2457 2452
21051 25217
23540 23539
20995 25056
9518 7509
735 5857
17688 20517
8397 8394
3051 7863
20490 22682
3400 6704
15908 16131
221 2495
3862 3998
16542 7264
7165 7906
1008 4652
22929 22930
3542 6127
5961 6420
18259 18252
4933 4931
1627 5340
2456 2455
25751 25747
26692 10729
9096 3318
536 533
26884 26885
1730 5882
6936 3895
22759 22761
6994 8037
18394 10317
8827 22233
311 307
149 2460
5961 6433
20702 18390
314 312
1528 1668
20352 21017
20649 22930
11780 12782
4970 1305
7415 2553
6155 6420
20965 5150
5531 18755
23908 20123
16174 6800
7690 7043
13839 1024
18427 2105
9260 27955
24321 24318
24101 11217
18258 18255
5748 5749
17227 7864
16830 27907
322 307
1588 1587
321 311
20382 24935
16129 9514
4241 7416
7064 6779
5479 10068
22789 26049
3876 27825
13011 11327
22234 22232
10837 10838
26434 6501
64 4189
6268 2765
4754 1117
20489 20873
19022 19014
23660 23659
27832 27831
6019 10547
7289 7139
4842 5552
16700 9501
10936 6242
27833 7236
14760 13343
2105 11073
6874 8065
5919 5886
20574 10192
16863 3493
3562 21491
21146 20971
23658 7640
11445 8455
690 692
9412 7676
22175 22173
2356 19033
10670 1346
27954 27955
1496 3128
1981 1894
26835 27331
5907 4842
7509 16402
27010 26810
6412 6411
163 222
302 300
735 6046
26692 26649
20390 2103
20323 22987
1364 10125
26974 22282
3566 5236
7886 8781
23813 19662
12324 13109
7129 21378
6362 5893
7463 9883
7719 15959
16428 9418
933 934
20505 20412
10831 6272
18256 18251
4893 1665
6229 6424
320 303
20997 20995
1109 11080
1529 1840
25748 25746
533 532
18672 21239
5322 9776
4197 4190
6762 1531
26502 26743
4195 64
5471 9239
7178 6586
6193 6191
7703 10083
4507 19254
5076 21397
11467 11168
20644 21728
4878 9260
7767 1329
7915 1981
23498 1947
6063 5973
4707 976
20947 18504
8158 2153
7955 1272
22289 20947
5206 4487
22212 24901
3765 1597
8553 3298
19894 25185
456 1735
4933 2342
20577 16547
26631 26735
2457 2454
5134 9687
21003 22024
3653 8896
20440 20864
17202 21178
22454 21522
21022 20438
21562 21614
20866 20864
27376 27094
8397 8396
2230 6181
24374 8023
5898 5895
9779 16011
1529 1411
6666 10547
7975 9053
652 734
3862 4000
2355 19021
3633 5345
8881 5075
16127 10407
7073 1903
15231 15224
18259 18254
16258 16259
314 301
16917 6776
1041 9446
4707 11043
8234 9290
18252 18251
16925 16924
7736 6798
8023 14210
20378 16979
25751 25749
9275 16612
10398 7263
536 535
9778 16149
4134 11531
7283 4759
585 21567
20818 20819
20995 20186
311 309
6465 6463
455 6181
17020 10408
16756 9315
6902 7632
26801 27010
17258 9418
11177 11178
6519 6295
16440 7739
1894 1619
15969 15967
25749 9070
21658 22987
15850 1228
51 5579
18397 18214
8023 24372
317 302
5917 6082
24321 24320
10203 705
6362 1773
18258 18257
5748 5751
3246 3245
19097 11364
11257 11120
6620 6619
3566 2405
7132 6242
245 2654
317 315
8487 16612
19034 6181
1773 5893
20504 9708
64 4191
4487 5205
6192 3940
11371 26925
185 1448
4160 25226
21051 16643
10933 1624
19022 19016
3785 210
9659 27958
20898 20750
5828 3370
6905 16011
12696 8032
21017 22549
19022 24506
3345 1493
2454 2453
16006 8883
26801 26810
16042 7264
7648 18283
527 528
6190 15224
7548 6038
9524 7451
8279 16056
7802 8025
22813 22812
24318 13528
6041 27825
831 24940
27784 15966
692 10781
456 1119
28083 10408
10557 5914
23420 485
407 705
6249 6247
9129 6935
16262 8714
22239 3598
27035 14050
7703 7736
18256 18253
1198 3018
26825 17559
20343 20436
1529 1842
15954 9621
7915 1620
7767 8781
11005 21743
1311 6463
315 311
7185 10267
16465 7450
8220 805
14007 15833
10318 10317
2931 2242
26690 6501
21276 22051
8553 2119
16402 9501
18287 5134
27011 27009
11327 11419
6362 26795
5968 5967
19016 19014
21101 21417
5986 5984
7730 17250
16150 27831
20442 21488
27331 24102
14193 7863
20951 12963
8674 6852
4387 10277
11076 27126
2090 7237
18763 19894
6607 20489
18280 3939
16258 9469
8487 6881
25528 19705
22484 20343
7190 7419
2457 2456
7463 8517
23162 1747
1372 2648
20440 20866
9719 9718
8576 17139
2203 16805
2212 4961
7676 16101
64 3441
6014 8553
8576 8629
27909 27825
7860 10408
21489 21488
6067 4134
16830 16447
6666 10549
3862 4002
3345 16729
19253 27331
8517 7244
10225 7445
15231 15226
18259 18256
314 303
20571 17669
10866 10861
307 300
4579 916
19051 21087
19705 148
9938 18126
12324 455
5892 5893
24793 26923
20574 14008
10471 4710
6790 16613
9735 7042
5919 4225
21112 22924
21311 21858
1409 933
24601 17425
25932 20793
7178 6872
535 527
9095 1060
26691 3812
6193 6019
11552 19055
16700 7264
5752 5751
4425 6181
20967 21536
2219 2212
6429 1950
3246 6630
5995 6798
5053 21857
7428 9275
324 320
2230 4707
3971 1409
17258 16428
9474 1069
7044 9514
4134 18554
15915 7236
803 8023
952 18211
6056 5882
22166 24963
1253 7707
24111 1951
19022 19018
4898 4899
7862 18790
15975 8017
8165 17865
455 4707
26820 26825
10878 885
27155 21153
15921 11177
7633 6902
10878 67
26798 4822
6190 15226
16366 28008
16130 16131
23910 23908
18922 18921
23540 7867
3493 10202
17185 8570
7427 23362
6194 6192
10637 6434
2522 6372
18253 18250
27081 26936
296 997
18256 18255
16613 15968
4853 2765
9777 9982
2111 17768
4134 10662
1529 1844
15833 24380
8346 10934
8234 11696
1311 6465
8279 16542
11054 11286
6755 7238
16415 15966
8007 6930
3018 18980
23908 3041
26801 18678
10318 10319
12893 23166
2069 4952
15974 6811
18599 11144
26923 27127
9849 7481
10934 6242
992 8647
6037 1373
20339 8035
6030 6029
26839 4165
2332 17204
11532 5531
6621 6618
5322 9096
11482 5939
4134 18730
1345 5136
26477 10838
20504 20503
6614 6615
8624 26631
7692 9389
16542 10398
16405 6902
3298 2256
992 6795
7412 11856
6787 15968
27833 27832
9621 15951
7424 1478
7522 6968
27995 4970
7863 17097
24388 24406
10892 4221
16643 25217
4054 4053
6311 6940
19653 20996
15889 7264
20578 11137
8881 8570
16447 27907
1359 41
9501 16542
10697 10933
532 528
9857 5065
6747 15966
3203 6704
311 300
15231 15228
18259 18258
10136 9095
21357 20300
1947 11178
16671 16109
10866 10863
7867 9766
4195 4190
6606 24779
20503 8761
2518 4507
11180 27682
17688 23222
1981 7914
21944 21386
2068 23374
26550 12722
17152 26396
20949 22289
20699 21589
20379 19958
405 6593
23342 3345
7839 3345
5390 9296
26846 1645
11179 15766
7886 8035
1838 1836
7916 7914
11412 203
4134 18422
21278 20370
322 300
18661 1110
52 10467
324 309
2951 2766
24433 24380
535 529
7916 1619
4970 9016
10705 7107
317 306
20516 12971
4787 2105
5880 11280
324 322
20572 20571
9474 9473
2941 6871
309 320
5933 11412
24901 25262
16467 16466
4844 20530
3785 214
7416 7415
24320 491
20855 27968
7690 16056
2119 6776
27300 97
1198 10109
6041 15910
7717 9514
22096 22812
596 97
7185 4405
6881 26396
7839 17734
3653 11412
11762 11780
18250 18251
7690 17345
11377 26841
1060 1261
18035 7867
6190 15228
6157 6420
15914 9419
17803 5531
19160 11625
16847 23358
25241 18876
4425 4707
20427 20835
25747 9070
19184 18226
27181 21800
22931 22929
9270 233
6157 6433
15938 16205
27909 27908
6031 6028
4935 4930
26550 6132
1198 25761
8192 17582
7707 7445
18253 18252
20974 1877
17733 25800
4192 4189
7914 1894
20382 22768
20768 25958
20017 25006
20834 20835
10252 8799
16447 16445
5907 6621
8517 1261
27858 16147
27190 11258
26906 15700
6937 9095
23499 485
16058 8877
13401 5531
16265 16266
19016 19018
3053 2064
23894 9766
11344 27403
1008 7317
8202 7800
2452 2453
20965 9078
8517 456
7428 26836
290 7451
21017 22716
16387 17962
10866 3844
4274 1894
3041 20123
10548 6019
690 10781
2355 19014
1198 9009
3018 3493
18929 26444
17099 17097
4233 5747
20524 21520
6652 10655
22759 26836
18535 18532
5579 1287
536 528
8553 6003
7772 1008
17964 17962
4062 3542
11447 20818
9453 9148
19407 4353
15924 15975
27977 27976
311 302
314 307
22026 21858
1180 6578
2245 2243
10866 10865
10697 6626
3400 5907
4195 4192
5896 5895
16432 17936
27825 16830
6063 9162
6564 4260
5968 5892
2312 4525
26691 26434
20390 6728
16350 6876
3566 2277
14210 24465
20054 134
12889 5950
21307 22120
18258 18250
18538 18533
8406 9766
27781 7230
6432 6376
7481 4955
2307 1269
321 306
8208 8209
25750 25745
324 311
7691 7690
19051 21454
535 531
1994 27052
21922 27240
20489 11177
18262 1228
15936 20347
14050 16612
18521 19131
4878 15966
11552 19409
10192 21648
142 18104
2090 21175
6950 27145
24433 14007
7864 7860
26691 26689
20553 21728
11007 10318
6192 4993
16042 10398
17381 25291
21658 20323
756 489
19253 24102
25724 20578
11084 6192
2830 10546
6606 24581
16678 21239
1069 9472
13839 6067
3921 6089
159 18821
7707 10225
27283 20511
17274 27127
5912 6120
2105 4786
7132 10933
1996 1581
7690 17347
6067 18422
24639 9937
16447 3118
15974 27781
7415 1314
25745 17617
3018 407
8487 7424
11117 18783
28065 3298
21581 21149
20351 9875
7574 8662
3493 407
6245 6242
1587 901
9181 3038
3969 5476
9096 456
11254 20370
21049 21638
16983 20373
357 1119
12555 5365
1228 7505
533 527
6031 6030
10203 10202
41 7649
2389 11445
20343 16120
6327 6294
5322 1261
4192 4191
6519 6127
26689 12722
16025 9507
21278 9581
25189 4822
1329 8058
3812 12722
2570 5346
6248 6243
2342 4930
26894 5893
17733 1198
21598 21169
16092 26836
7854 15966
2355 14210
7633 7632
27858 16149
5322 456
4844 22560
18214 18396
17099 7863
17964 17467
27829 17259
20378 21028
5322 2792
8031 7799
1020 1021
19214 13528
8517 10136
15924 8017
8624 26743
5322 17960
25056 20992
18166 9293
9475 9472
7649 16863
23474 25747
1345 6308
4031 3939
8674 6979
26925 26924
9079 10411
24991 25333
5957 6699
16023 16869
10860 10861
2384 2563
433 685
27894 16061
15954 15951
8497 11079
4383 2418
16366 16161
20321 21796
2355 19016
11377 27716
9719 1443
407 10202
27829 8883
3498 456
3073 18599
2456 2452
4878 7887
2355 24506
18535 18534
992 8209
17733 16863
536 530
16339 16714
10875 8765
26982 27161
23342 5322
685 222
6798 5355
7428 26396
23911 23909
16700 10398
6168 10557
11494 24170
4425 455
7073 16261
8553 7415
17990 7992
21212 21175
1845 1843
25650 25651
20054 27197
18258 18252
18538 18535
23166 26922
7646 7505
10136 1060
4062 10444
22098 22099
11377 11180
18789 18790
12822 2111
535 533
26819 17559
7702 15923
5847 5846
317 310
18262 7646
4189 4190
27832 16151
4878 8384
9070 17867
3504 71
16149 16148
20483 20382
17084 25932
26841 27682
18446 25496
21178 25229
4350 1411
6168 5914
26821 21553
4134 1527
1516 19306
5751 5747
433 848
3562 21488
7632 7596
1180 16997
20438 5053
27381 27380
8113 6593
706 2067
2830 10548
7509 6829
9140 15966
2951 7576
9181 4892
8346 6242
11049 1110
3647 7279
16970 16101
16388 8017
1359 5227
15900 16830
10864 10863
6930 9488
25749 17617
19895 27004
17315 2405
19653 7994
6168 6169
3465 6871
6249 6242
1321 12411
6245 6244
2402 23710
573 21004
9096 4888
20410 20485
10407 10408
320 300
4844 21139
2228 1838
25425 4822
533 529
17142 19092
315 306
1171 16506
6006 5975
16091 16387
17202 25229
6165 5968
6606 11080
8517 9883
16432 5053
6127 10816
27394 22154
806 701
21779 20186
5748 4754
8397 9185
8570 23894
16152 16151
552 6153
6248 6245
9820 5726
7134 8058
7915 1978
22931 21081
4590 4589
4062 4204
7864 6857
5075 1628
22228 21567
1985 6765
3051 16130
5322 4888
22102 22101
21009 21944
20441 20440
6940 8579
5322 3612
19354 62
20882 22024
8031 8030
19075 24446
14075 24552
18000 18001
18041 18039
9183 9181
15889 10398
22505 22504
9475 9474
23474 25749
456 17960
15901 16006
20348 20346
6178 6175
992 3647
15908 16130
221 2494
7581 18279
16432 6718
16970 7296
23659 9556
6236 6237
2355 19018
16011 9290
16092 26396
23910 17661
18259 18251
4233 5751
11743 5531
27907 27908
4933 4930
14007 24380
3894 9668
5053 17275
4350 1842
24424 24419
3898 3896
536 532
8193 7421
4412 26519
21022 21858
19355 2181
21161 21936
20496 27181
16831 7500
19426 24234
6326 10731
20649 22929
21456 3252
15805 8272
2480 6436
27678 2141
16058 9849
2242 5332
9137 16099
324 302
7428 16612
9260 27954
27081 20702
15975 16388
9909 21166
5533 18921
18258 18254
18538 18537
20346 15936
24902 25238
20444 20443
16150 7236
10697 1624
22026 22454
8764 10875
321 310
20377 20389
5854 7837
324 315
8551 8552
317 312
10864 3844
21642 20370
7509 9501
22289 22288
552 6342
23115 7320
8683 8684
20483 24935
6019 10546
8208 992
2316 1456
3203 6618
959 960
11257 21279
17582 17435
16040 15991
24319 19214
20423 20575
25721 12727
8279 16040
10732 10733
9183 1665
6046 6047
19432 26966
789 3235
22175 22172
28060 10408
17227 16402
15910 27908
6774 10411
4000 3999
12830 4127
26550 26649
992 8037
4274 7914
6249 6244
4591 4588
7263 7690
18256 18250
2708 2706
320 302
25748 25745
3653 5365
533 531
2176 3986
16091 16389
5752 4754
6373 5892
11250 11048
1491 5236
6501 12722
15900 27825
6702 6296
3673 22289
315 321
20644 21727
6248 6247
9501 16040
6875 8065
1531 1228
405 8064
2740 2765
1253 991
26550 6501
24282 19145
10196 27010
539 537
1376 22645
507 504
10549 10546
25204 25203
26773 27312
1069 18149
16542 15991
7994 18730
10886 5886
2219 4961
19979 2223
27825 16447
6031 7578
16412 17086
26846 96
21936 21824
17541 1624
2792 3318
26692 26690
11552 5602
6166 6167
18094 21206
8397 8395
8198 23498
23326 1155
203 5933
6063 10886
20526 21172
3038 4892
2618 2734
6666 10546
10162 7265
25410 25442
11137 233
3862 3999
20382 17084
19895 19706
15900 6041
6828 7548
2451 2449
10162 7386
3542 6128
314 300
4933 4932
9870 6167
1749 2069
16925 16923
2256 3297
4387 6570
24424 24421
306 301
6424 3563
9778 16148
26478 26427
20588 20585
23081 23042
18394 10318
4378 6871
20649 22931
21278 21641
3590 23272
26691 6132
24423 24209
21009 21638
7386 8094
15969 15966
23474 17617
6614 10732
6444 6645
2763 16525
20577 22883
17936 20299
6515 6525
6501 6132
317 301
20350 22877
24321 24319
10204 10203
6874 16671
8193 6968
15226 15225
10455 10724
14008 10192
9 4507
16830 27908
27825 15910
321 312
324 317
4193 4192
1228 9095
16955 16653
16389 17962
6707 6708
9473 9472
26427 7095
20438 22185
17661 19969
17310 17002
22234 22233
16467 8877
24242 1758
312 320
11371 26924
24160 27208
14075 5950
19022 19015
23539 9370
8771 8799
26936 18390
6229 5928
17961 6732
3345 4983
16430 6837
10186 992
10642 5207
23404 11481
19022 24505
15966 17175
23500 23499
1491 2405
7867 8406
14511 20574
2454 2452
1656 1654
16042 7263
5928 6178
6120 6119
21087 17601
6936 26569
4287 2890
735 6047
16056 17347
27858 16934
23659 7640
5674 1171
4274 7916
27787 17175
6249 6246
2049 2766
4591 4590
17866 16633
6242 6243
25546 25226
6839 16261
16011 11696
18256 18252
2355 2176
18536 18535
758 759
19253 27746
22157 20618
27976 16902
5726 15115
25748 25747
717 20585
6151 6182
6790 15968
7132 1624
315 310
6204 6193
3812 10729
6857 16143
7136 6927
10546 10547
15850 9095
2011 11239
24321 13528
17856 21004
16147 16148
19894 25052
2145 2544
18446 25421
6193 6192
27081 235
5977 3827
7975 7510
2937 7095
7799 7284
20967 22877
2271 21500
5986 5983
20947 20949
1531 7646
5961 6155
7676 15966
18890 23223
17271 11696
5181 5182
4955 3378
3686 7196
6666 2830
4196 64
24078 11625
10549 10548
9409 16466
10797 10798
2023 18149
8517 9095
21278 10300
25747 17617
3598 11526
7581 8592
11177 27126
5930 5929
20459 20447
3966 29
6606 24642
12893 26922
21489 21487
16011 8234
2312 64
5854 4069
1076 6274
10933 6242
21175 20802
939 1021
6666 10548
4689 1528
25800 3493
3862 4001
3633 5346
5355 5674
16389 17467
7139 10071
314 302
416 1747
10866 10860
1119 1904
10936 7132
4201 18985
24424 24423
306 303
5899 5895
24901 24991
26689 26649
9849 4955
12479 12076
7416 17532
3812 26649
26308 21709
6246 6245
652 1448
4588 4589
12848 17204
7479 26569
26691 26550
16127 7509
4062 6236
321 301
324 306
7391 7393
25752 25749
8023 24373
9608 7471
317 303
10444 3542
16700 7263
25528 148
5748 5752
312 309
20649 21081
26404 26735
321 314
20461 21784
6272 1184
20339 21269
21273 22113
4134 18553
23911 19969
25750 9070
17020 7860
21728 20643
10827 10611
18398 18214
16258 8476
21562 22596
24101 9597
24111 1950
5653 15906
756 3867
10725 10455
733 850
17084 21858
24901 7300
27956 27954
6811 7719
2355 24433
6841 7073
4953 4955
20572 17669
18789 23710
1877 20607
3903 26567
8031 7284
21723 21076
27340 26796
17315 3566
6190 15225
20589 20588
1454 6517
11254 21641
6401 5996
6194 6191
5901 4892
27784 15967
15901 16428
3971 1087
26978 11144
6249 6248
15900 15910
19093 2011
4934 4931
3598 20588
7719 8728
23222 23223
17964 16389
8570 9766
10886 4225
4062 6170
9096 9095
14094 12555
18256 18254
7167 7168
26877 26876
2230 11043
15924 16388
16979 8827
26402 26502
303 302
8346 10933
8032 8033
2090 21212
9226 3812
1311 6464
315 312
2706 6434
21702 20871
16040 7043
7416 2553
6755 7237
20992 20186
17249 16127
5907 6618
7167 27826
12353 17559
21049 8827
6308 1943
10136 5322
28083 7860
6362 26796
1228 6937
1496 19254
11072 284
6212 10758
5986 5985
26795 26796
6030 6028
5961 6157
27269 19253
17249 7509
11487 8497
5322 9095
7171 17866
9181 1665
18554 18553
11117 11115
19016 24505
10186 17961
7236 27831
11209 11118
22173 22172
6994 17802
13618 8629
2212 4962
27833 27831
9518 7864
235 11137
3998 3999
933 1087
8487 17152
8279 15991
9009 3493
5918 3827
6828 9417
20947 13864
25746 25745
1497 3128
6899 9189
16825 6776
26631 26404
10866 10862
27011 26810
3876 10300
8209 8647
3073 11144
357 17734
3360 2277
7509 10407
22993 20947
16570 16591
27850 27851
9524 7991
12495 8272
18021 13608
12855 24793
20989 20990
15850 6937
17466 22596
2307 1266
321 303
25749 25746
535 528
25752 25751
18763 25185
534 532
3633 2570
4425 6182
2941 17703
5847 4794
309 306
14212 15853
312 311
19033 7639
324 321
9506 10700
22385 20299
9501 15991
11473 4187
15958 8065
2176 11763
24101 20095
16040 8629
6519 1184
7916 1981
20423 26984
11318 11079
17308 17310
22089 20543
5983 5984
24007 9937
20997 21779
6510 10870
25217 22693
6031 1450
8517 6937
12035 12046
3766 1597
4934 2342
14078 19407
11076 7129
22170 22171
27152 27380
25752 17617
22205 21081
3542 6295
17467 17962
18165 18004
6190 15227
3018 10203
15969 27784
20780 20343
20711 20472
932 930
1496 1497
6236 4204
16262 6839
26984 20575
7772 6779
5141 5142
20427 20834
5928 6424
1024 24439
4953 16058
315 301
21417 17493
1694 5925
4934 4933
9820 20526
20574 21648
18253 18251
6811 16957
9820 17493
5901 706
26502 26735
67 4787
24445 12996
26434 12722
17259 8883
21640 20517
24506 19018
315 314
17308 17002
16415 15967
8346 6626
310 320
20352 22716
20855 22290
6255 6256
5904 10873
11251 24838
10204 705
20483 22768
17084 24935
3862 3858
5749 5751
10163 16101
2176 154
9188 25469
15889 15991
838 839
25816 25817
12324 2176
6006 6696
4770 6719
7237 7238
8629 7691
27152 24160
8553 17532
7510 9053
19426 18605
17152 6881
6170 3542
15991 7263
17345 8629
20733 20798
967 966
1944 6546
2047 2766
19142 24686
1198 17989
24779 24642
2455 2453
8064 6592
18535 18531
8497 11318
5206 5205
3542 10443
27031 11172
21051 25816
3707 2145
2334 3102
10697 10934
6091 6995
2355 14007
9807 7918
6986 4878
7134 1329
7915 1894
6063 5886
10866 10864
20511 21004
6193 10547
20002 17865
911 912
6501 26649
17688 23223
4848 491
22993 20949
20765 21944
342 351
6272 15162
1389 15853
26434 6132
1845 1840
9718 1443
23500 485
20397 20730
27829 15901
1981 1620
1838 1837
18538 18532
18257 18253
8799 5724
26877 20530
324 310
25749 25748
4196 4190
7916 1620
4770 6411
24970 24963
317 307
6268 4853
9293 18165
22377 6706
26691 6501
10163 7296
7802 9159
6525 2765
7415 7703
17020 7864
16127 6829
992 8945
16151 27831
15974 7230
21278 20855
87 1376
2406 1731
8487 9275
18394 2648
26801 26802
6027 6702
20702 26936
6606 5332
24078 19160
24614 12495
1396 6567
6031 7760
11265 11433
10864 10860
1845 1411
19958 10280
6491 5880
9469 16259
7785 7784
4233 4754
6127 6128
6190 15229
21490 21488
11250 1110
6463 6464
6643 7334
6401 6000
6956 11177
4350 4349
16983 20372
7415 16831
20343 20428
7421 6968
6031 6029
5917 9162
6311 6312
315 303
3566 8037
20510 21076
26402 26735
4192 4190
9412 16101
7464 6762
6762 7244
2570 5345
19080 16547
6248 6242
12495 15805
23909 19969
13109 11763
20734 21881
16415 15969
6420 6433
52 6214
17382 25291
1978 1619
5173 3594
25691 25690
22102 22098
7071 7073
26692 3812
491 19214
27829 17258
20750 20899
11493 24639
6186 5340
7264 15991
24793 11371
6804 9590
6839 7073
26502 26403
9070 25745
17479 21386
9475 1069
2176 13109
4647 235
23474 25746
3903 7136
10729 26434
28065 28064
16756 15699
21009 21028
23150 11662
18094 20504
18166 18165
25056 20186
22422 20493
7043 13618
5322 1060
17099 17098
20440 21342
15906 16525
17688 18890
27011 26801
22560 21487
7443 7442
6328 6294
18535 18533
11329 11257
21051 25818
1938 1936
23342 1228
9518 16970
6254 10731
16339 16713
11447 20819
7784 16524
6344 6460
10729 26689
5995 7703
26690 12722
21581 22492
16664 7549
11794 21011
5917 6063
11076 27147
23911 23908
27153 11177
6993 8158
21455 21454
2207 87
6986 8384
26935 19706
1845 1842
2941 3465
6165 5912
9259 27955
8764 8765
27976 15916
16592 6905
18538 18534
15229 15225
18257 18255
312 302
6759 6772
9412 16277
321 307
21858 21857
324 312
1314 17495
4196 4192
24372 24373
5847 5845
8279 7043
5388 17079
1718 1225
27832 16150
3400 6621
10495 5930
22958 24474
6157 6155
16149 16147
21278 16643
23983 1758
27035 19145
6798 5141
17617 17763
2355 11473
7854 8570
2418 15959
17541 17889
6003 8963
652 1709
7692 7690
9937 13492
11479 4127
4134 18909
15966 27787
7692 8629
2765 10711
2792 456
8113 6592
2830 10547
16042 15889
7886 17395
23339 1561
10864 10862
27009 26810
2792 17960
11374 11378
6169 10557
11531 18909
7178 2355
290 7991
433 163
20553 21166
23042 25379
22028 22068
67 11073
3406 7579
2332 12848
6245 6243
15924 6811
26978 21057
7280 17655
10186 6732
20426 20428
15419 15162
20644 21590
22239 11526
9501 7043
1180 10956
8771 11856
25747 25746
533 528
6592 6593
26875 233
7320 98
2708 10637
2242 2243
20599 22584
25752 23474
11552 19223
2941 1197
3737 1747
6248 6244
4878 9714
6169 5914
21273 15745
6905 8234
9275 26836
16820 9833
4590 4588
1842 1841
21051 25202
26772 22641
3018 18167
22102 22100
7954 1272
20995 21779
1749 4952
7581 17205
10706 7107
6046 5857
24439 2766
9409 8877
12963 16383
21051 22290
3876 7702
210 214
6063 4225
9125 6839
9558 4920
14075 24551
8346 1624
2356 7178
5751 4754
12855 11457
8649 25690
6000 1028
9475 9473
8279 8629
23474 25748
18398 18396
16023 16870
5854 7218
14511 23081
460 1957
8487 26836
7627 8945
21778 22645
7718 2418
24321 491
20002 8165
11749 11724
3647 6636
19014 24505
10318 2648
17963 16387
22377 20321
16405 3298
23342 7646
350 341
6970 6968
21022 21857
14078 5950
18396 18053
28008 16123
19242 11055
23911 23910
1718 5173
24574 11422
8720 8455
16388 16957
3265 8166
26649 6132
6229 3563
8714 6839
27825 27908
7796 18283
11743 9276
324 301
8553 7416
27331 11306
16700 15889
1845 1844
7693 7689
15909 7402
9501 8279
530 527
18538 18536
15229 15227
6874 4775
4412 6586
16059 17145
3246 11054
20974 20607
321 309
24098 24099
9501 8629
324 314
4193 4189
7166 7283
4196 4194
2494 2495
1894 1978
16433 21385
27832 16152
6139 6140
20947 22288
7424 6881
8570 7867
17311 17308
22515 20644
12855 27377
21881 22987
24422 24209
7509 7864
9456 10067
13011 26843
14078 4353
7975 3614
433 849
10398 16040
21029 21027
6762 1261
2792 4888
2176 455
5928 6175
322 321
19142 24395
16465 9514
6011 10495
24779 5332
27147 11177
4000 3998
1747 18226
35 1287
4809 4810
6249 6243
2112 833
17185 7867
1843 1840
17152 7424
7550 7719
16490 9476
1836 1837
18536 18532
6472 1454
9518 16101
7864 16402
2495 1658
3566 10135
533 530
20482 20483
315 307
1624 6626
26906 11370
5977 5918
20928 22640
290 9524
9095 7646
6373 6120
4274 1981
6937 456
26692 26434
5134 6747
6248 6246
7991 7451
16756 25126
27009 18678
6937 2792
9807 4970
5322 3950
10407 7860
925 370
2023 8455
3566 5142
10196 27009
9708 8761
6046 6088
21051 22292
10697 6242
21949 8395
3298 3297
9849 16698
3291 140
9125 6841
18422 24111
18041 18040
7064 1008
9183 9182
9777 1253
1843 1411
26743 26735
17153 9849
11743 1197
26692 26689
11472 14209
9777 9776
9238 9239
5852 6235
11552 2797
20348 20347
4134 13839
6515 2765
17275 12821
8570 8406
21212 20802
3766 3765
6006 6005
22761 26837
9275 26396
10067 9592
20496 21800
1496 9129
3263 3265
2648 10317
20322 1877
4425 6151
12009 12296
16592 17271
22813 21937
16925 16922
24424 24420
306 300
20442 22560
3898 3897
21858 20438
9778 16147
26434 26649
26820 17559
24426 24466
16006 9418
4425 3828
2951 24439
491 13528
7416 1314
9518 7296
16432 21311
364 362
20511 17856
806 19174
7264 7043
10935 10933
6246 6242
7550 2418
23362 5388
18612 24072
10163 8094
5076 15371
324 303
25752 25746
24163 5531
11076 11178
534 527
7043 8629
5053 21022
27858 9778
317 300
5752 5747
10204 10202
11067 19208
3298 28064
8487 26396
7760 1450
20734 22987
530 529
15226 15224
309 301
312 306
20428 20436
17084 22768
27995 7918
25217 21278
11147 26936
4193 4191
7044 8342
15230 6190
323 320
21279 9581
5388 9849
6041 16830
17311 17310
11371 26923
9003 16998
15850 5322
7178 4319
3445 16998
25217 21641
20485 20515
8503 4230
21562 17466
23042 14511
20749 20746
7450 9514
10837 26477
2859 3897
2103 11498
27154 21153
20589 20585
913 912
3566 1372
28065 6902
23909 23908
6762 10136
23539 7867
2933 21121
16388 9417
9125 1903
5938 5939
26797 11066
4274 7915
6249 6245
4591 4589
6970 8193
1843 1842
8517 5322
3762 4707
706 10246
15921 15966
3598 20585
4274 1620
18536 18534
15227 15225
5322 1253
7136 6805
24421 24419
9841 16729
3718 2277
16850 22185
4194 4192
28060 7860
315 309
10089 21153
20947 3673
17311 17002
5653 2763
27909 16830
87 22645
79 833
11377 27682
19015 19016
20947 20948
7428 16092
18890 23222
2355 19103
455 24101
6839 6837
8624 26735
7690 8629
17617 9070
6970 7522
11481 5939
2404 7102
539 538
7428 17152
10549 10547
27833 16151
21949 8397
4187 3626
849 848
7703 7642
16129 7717
16402 6829
2219 4962
20442 21139
13899 13712
12889 14078
10252 7412
735 6088
26692 26691
24908 19032
20577 21448
15901 8883
1496 10875
5917 6632
20381 20755
939 1020
28083 28060
5917 10136
20952 16383
2451 2450
433 222
26690 10729
6165 5892
24115 11128
17889 1624
10865 10863
6756 6747
24424 24422
306 302
4156 6638
1380 18876
10136 18301
14619 19662
23540 17959
5892 6120
1228 6855
27781 15963
6747 6755
20855 21051
831 18711
6246 6244
23081 25379
4993 11053
21278 21642
15963 6811
24319 24318
321 300
10935 6626
6614 10733
7391 7392
25752 25748
534 529
16091 17963
8881 5091
309 303
6128 10816
6711 6707
1981 1978
19055 19409
323 322
16389 17963
3686 12727
5749 4754
23431 3345
21790 20352
6429 24111
16388 6828
7916 1978
8158 8156
5854 9129
1831 2276
25800 1198
6762 9883
11743 7549
2911 10758
17312 15965
3940 6204
26520 4412
17311 7863
1677 25379
24160 11344
3203 6621
6874 16109
19826 27004
21278 16891
1065 1066
1364 1362
245 20400
17297 25240
5322 18262
1656 1655
10246 2067
27340 26795
6028 7578
20489 233
6774 7139
9875 21493
23540 9370
26690 26649
7043 7263
1060 6855
15992 16653
8394 8395
3653 14094
1668 4230
21004 571
3812 26690
6790 9419
23660 9556
2207 22645
1197 4995
5388 9409
416 19184
23911 17661
21454 17601
21581 21614
17381 17380
17152 9414
4934 4930
17964 16388
20526 9819
1396 5181
25800 16863
20291 18260
17479 21944
1024 2047
303 301
4191 4189
15479 18602
24506 19015
1563 1803
552 1944
5346 5345
10136 1228
7064 9159
6979 17911
24506 24505
26402 26743
24970 24905
9660 17635
7863 16130
6956 16917
21723 11076
16847 16846
734 887
14851 2134
5602 19055
16151 7236
8017 6811
6602 6603
10848 6523
26885 22645
8553 1314
16466 9849
24505 19018
10865 3844
5839 6701
26968 26965
23404 5939
16643 25202
26978 25172
5881 5880
10729 26550
18594 2355
6674 6455
6881 9414
4378 3465
10935 8346
16643 22290
26841 11180
10398 15991
24320 19214
17382 17381
17139 7043
8624 26403
18534 18532
21009 21386
23431 16729
7463 7244
26631 26403
11493 24313
15766 11827
9771 8901
18035 17959
19134 19328
16149 16934
2244 2243
16042 16542
16372 16188
22385 17936
5899 5896
1645 15655
992 7627
27829 16006
4001 3999
1411 4349
17889 1747
23910 20123
17227 10407
11493 11494
18257 18250
3876 15910
10975 6256
10304 7283
321 302
10186 15666
2951 13839
7320 1327
324 307
25749 25745
323 311
16592 16591
25752 25750
5332 24642
10204 407
534 531
6874 6875
27909 6041
10839 6516
8674 17861
6759 7238
312 310
16388 16387
9414 27958
18039 18040
1198 10202
22289 1635
24344 19142
8224 26821
490 11054
20472 22028
9875 22058
11201 24372
4941 21700
7199 6769
16262 16261
2355 5173
10444 10443
6443 6089
17778 7782
322 314
27956 27955
5355 7703
8064 2093
16923 16922
2792 9095
17541 756
159 2134
1718 1717
1845 1529
20734 25932
17259 17258
11502 18553
27190 26974
3018 10202
20702 235
6787 16613
16388 6038
22290 25217
11254 21642
6244 6242
7464 1256
22336 8071
10252 8771
5973 9162
7289 10071
15974 5388
5053 6718
21279 21278
20644 20538
9009 16863
16970 10163
315 300
4934 4932
1380 25241
7415 7500
12822 21516
310 306
20426 20436
11482 23404
5322 6855
717 20588
1024 2049
3559 20947
5653 16525
7096 19653
28060 7864
27283 21004
11455 5901
1845 4349
10136 7646
5857 6088
21709 20996
26799 596
17274 26923
18599 756
756 11144
5919 1839
17475 23651
531 530
8030 7799
16700 16542
21185 22406
26835 24102
9095 9183
7864 15966
11329 11120
7463 6762
19826 19706
23659 23658
21009 21254
23908 19969
7568 2991
837 734
10575 9870
5613 1903
7185 9117
7044 7717
3 279
798 2176
23151 6003
242 25528
27094 4165
15965 24979
6776 11177
27153 27147
2455 2452
15288 22781
6644 6268
26448 8110
11306 24102
6129 2146
22315 24282
6349 6350
10319 6143
20884 11005
22993 3673
6041 16447
992 7279
10935 10697
2803 16990
11165 15589
6311 8579
4953 7481
6644 10711
6193 10546
18763 25052
5899 5898
1228 1261
3707 5998
3246 6606
26508 8110
342 350
25751 9070
6253 6251
21729 20643
21278 22693
20952 20951
4689 4230
22212 22948
1981 1619
456 10399
18538 18531
8726 2993
18257 18252
5150 9957
18537 18535
26837 26836
27977 16902
4787 11073
21049 21944
25749 25747
9820 21172
4196 4189
8031 6790
1228 456
3051 14193
534 533
537 538
20538 21590
3400 6618
22026 21522
7171 16633
19051 17601
1228 2792
11532 18755
309 307
16388 16389
8558 6805
11041 14209
1228 17960
20643 21727
6194 3940
14760 21028
1496 17445
17762 18407
27155 7129
3246 3828
10935 1624
21937 22096
20841 22422
11201 24374
20774 22597
7802 7064
6762 1256
7415 6776
3653 16997
5322 991
8192 17435
11493 24007
17479 21680
2449 2450
23491 6759
12076 4585
15914 16051
3201 513
11048 1110
573 571
14008 21648
26965 26966
455 9597
9659 9414
19826 19895
9276 4428
23491 6772
21490 21487
17667 8279
1657 22771
3590 14917
5912 5892
15889 16542
15655 96
27829 9418
315 302
15850 456
5900 5895
17479 21009
9270 19242
6362 26894
4198 4196
7692 15889
3566 8157
15850 2792
11169 11053
21452 21450
5747 4754
21562 21581
27011 10196
1362 10125
25126 9315
16364 15966
20123 19969
12722 6132
7646 1261
1198 3493
26692 26550
22716 22549
17733 9009
2355 24465
16854 15951
18254 18251
16951 10407
7412 8799
5134 6755
557 548
7702 16445
2111 21516
582 83
10141 25203
5749 5752
27909 15910
7646 456
17067 18287
9778 16934
2245 9559
21278 3876
5602 19409
1256 7244
2068 706
24793 2271
23474 25745
11179 11178
16698 4955
8517 2792
1266 203
4082 5565
9714 7887
9581 16891
26631 26502
21139 21487
23420 23499
1648 362
20510 11076
17803 18755
5509 885
23909 17661
4931 2342
2553 6776
4746 15357
18168 3018
8720 2023
7424 9414
2455 2454
8064 6593
24433 15833
4349 1842
21051 25817
24423 24419
11130 11046
10729 6501
7578 6030
1180 3653
9129 4069
3370 1908
6406 18119
6170 10443
11794 21010
4241 8553
25202 25217
7166 2716
11164 11165
11370 15700
6193 10548
6663 6296
12324 11763
21049 20765
16925 16112
9556 7640
4878 27954
4428 5531
15958 6874
1845 1841
8279 15889
235 18390
9259 27954
10304 7166
8384 27956
5053 22185
7663 16825
7742 7026
17788 8879
15229 15224
18257 18254
312 301
8629 7263
405 8113
1228 4888
18427 4786
4196 4191
323 315
4770 6412
16187 20710
16127 7864
15988 16565
10398 7043
10863 3844
1198 407
5388 6811
16542 16040
20599 15307
2941 4995
7574 7576
2951 1024
456 1904
307 320
28083 17020
2648 2649
7692 7689
21487 21488
9359 5149
24318 19214
21149 21614
1773 26894
21858 21522
7419 6897
3566 18279
24115 24116
16129 8128
9270 11055
455 20095
7785 16524
16092 9414
6178 52
10864 10861
933 4528
16147 16934
27995 9807
6491 5881
5493 7533
5388 9402
8771 7412
15938 16652
21490 21489
6212 2911
1409 1087
21490 20442
7702 3118
19103 14210
18255 18250
6829 9501
25747 25745
9096 2792
1654 1655
15850 10136
4585 11922
4844 21487
16151 8034
21598 7385
22212 24991
9414 26836
9583 6643
23910 3041
25185 25052
4274 1978
22377 21796
24506 19021
16591 16011
77 5333
7171 2919
27829 16428
1842 1840
4225 5886
25395 19506
5134 6636
1978 1620
22102 22099
6003 3298
18254 18253
20351 17246
16432 21858
7702 16447
7738 7739
20841 20493
2937 2312
2522 10472
10548 10546
26502 26404
15969 9157
24979 25202
1024 2766
17084 22026
10398 8629
2797 19055
267 11054
21491 21490
2312 3441
3559 13864
16820 16853
8714 16261
1648 364
22212 7300
20489 27126
17690 11353
8674 7800
16924 16923
24423 24421
1842 1411
16698 16058
16415 27784
342 341
20873 233
8064 8113
5975 6005
2332 3345
6756 6755
1528 4230
2951 2047
17345 16700
74 418
4878 27956
27825 27907
7796 18282
13011 11419
324 300
4993 11169
7955 7954
9259 27956
25691 18041
7136 7218
6028 6029
15229 15226
18257 18256
312 303
4140 1925
6932 4715
4196 4193
73 4572
3385 2702
11354 11398
18132 2517
27190 22282
10136 1531
311 320
7994 20996
16366 16082
6798 5142
6155 6433
1635 20947
19184 1747
6011 5930
23326 267
21310 20366
7692 7691
7530 11076
20400 2654
5322 3318
485 486
16405 28064
17152 9275
322 320
10849 10848
159 14851
7043 15889
6027 6237
19081 22024
8198 6879
6000 5996
22817 25262
3858 3998
7550 7718
22693 21641
798 154
16262 7073
18536 18531
18255 18252
6875 4775
5907 5552
4194 4189
16082 16123
7916 1894
20426 16120
4844 20442
1747 17541
5900 5899
6373 6119
351 350
21049 22232
7867 9370
25204 10141
24601 24602
4647 26936
16042 16040
8827 21254
19646 19647
24318 491
21641 16643
20496 20497
16917 11177
1947 11145
12889 14075
98 1327
26692 6501
26402 26404
4710 1570
4134 11502
2355 4187
20489 20578
18398 18397
23272 14917
9414 26396
16171 16059
20601 21021
26550 26689
9259 9260
6014 1314
16152 27831
6144 6756
20300 23015
22761 26836
6516 333
1747 8710
8570 12727
2141 17682
3246 1109
455 11763
10865 10860
10831 1184
456 17734
26976 26931
6970 6969
25079 147
13898 13712
1024 7574
1462 374
5867 2273
7250 728
6585 5936
11377 431
27325 11371
2951 2049
17271 9290
323 306
25752 25745
11076 11177
6165 6373
20951 16383
24374 24372
17667 16056
530 528
3996 7167
309 300
15229 15228
3612 990
26403 26735
25818 25816
4193 4190
6756 5134
4196 4195
6905 17271
4878 7676
6255 10975
5748 4233
3129 3128
1471 1472
16846 1903
322 309
6187 5340
20992 21779
7914 1619
7692 7693
7738 16440
6963 8715
25718 25719
17959 9370
13839 18422
2859 3896
8576 7043
13839 7576
15353 6972
11196 1913
7864 16148
456 3318
20489 11076
13899 13898
7044 8128
12855 26923
21009 20389
8497 11486
15900 27907
913 911
3921 6443
3950 1253
8517 1228
16923 16112
2068 2067
16700 16040
20699 20698
3858 4000
1843 1841
20441 21342
14078 2744
24901 22948
4274 1619
17856 573
3318 9095
9182 4893
5173 2176
18536 18533
15227 15224
18255 18254
310 301
4198 4189
6798 16837
21044 22924
7739 7740
12722 26649
4194 4191
27269 27746
4319 6586
15231 6190
18821 14851
26691 12722
3041 19969
27155 10089
18280 4031
18262 456
21009 20765
14511 21648
25691 8649
8881 12727
3345 17734
21049 22234
15901 17258
9275 6881
27977 15916
2941 5980
7690 7689
15850 8517
15230 15225
9492 16156
6515 2740
17259 16006
4197 4192
8482 18104
7073 7353
20410 22489
7697 10186
7863 17308
27833 16150
8017 16957
7140 3098
24505 19015
6000 5340
6464 5969
6644 4853
1730 5965
2356 7639
19254 17445
27010 18678
18397 18053
1228 7646
18214 18053
7178 4615
26520 26519
28065 16405
19014 19018
2797 19409
7638 16277
20702 20701
3566 6795
2937 26478
9414 16612
6401 1028
17152 26836
16869 16870
6165 6120
10304 2716
10865 10862
16428 8883
5892 6119
1024 7576
16161 16123
10935 10934
10196 26810
6246 6243
6261 4794
1700 1308
8624 8346
7043 7691
21009 21049
7799 9889
18533 18532
25752 25747
11076 11179
6568 1396
534 528
11170 11043
8279 7264
16570 16011
20351 21493
16091 17962
26798 25425
309 302
3614 9053
312 307
9096 1228
52 6503
272 356
1372 8514
323 321
15974 15963
20323 20734
5752 4233
15889 16040
11354 4168
6881 26836
12076 11922
23358 1903
20452 20447
3812 26434
19080 20582
25024 831
21057 25172
6047 5857
21858 22454
322 311
22158 22157
12996 19075
17992 21442
21172 9819
21009 20378
2943 9719
2859 3898
14007 24653
2146 5948
5322 1228
803 14210
16830 15910
25751 17617
5999 7334
1840 1411
64 4193
21729 21727
2684 13292
12855 26925
15900 27909
1256 9883
27894 9236
3812 26689
20644 20643
7136 5854
11245 1110
16127 17227
8517 7646
16700 16042
7719 2418
9501 7264
8881 1628
4168 11398
3858 4002
17084 21522
455 13109
12423 8033
21087 21455
7717 8128
17964 16387
11786 6429
11047 11459
7943 1237
15227 15226
310 303
351 341
4198 4191
16850 17275
10862 10861
7447 8388
24421 24420
303 300
517 6645
2518 9
4194 4193
17258 8883
24506 19014
25024 18711
5845 5846
19288 19163
7703 16837
26846 4610
2009 2010
847 2736
10549 2830
4592 4589
7129 21153
7463 1256
20898 20899
10725 10724
4995 17703
4208 6706
531 527
5749 5747
15230 15227
6875 16109
2090 6755
3203 3400
4878 7854
10848 6522
20967 20194
22987 22202
4197 4194
1269 3502
23042 18876
7863 17310
24158 24157
7424 9275
27833 16152
9683 5149
9125 7073
6144 6747
21723 7129
7416 5492
22100 22099
21658 20734
21051 25920
16187 20437
20511 571
17382 17380
23474 9070
16091 17467
8624 26402
18534 18531
6027 6296
1155 11054
6962 6961
3291 15085
230 5233
16061 9236
25024 24940
2277 2648
26923 26924
27968 10300
2244 2242
10407 16402
10865 10864
4241 1314
5726 17493
18262 7505
16979 21002
4001 3998
5928 3563
7386 7265
9117 7184
5910 5909
7713 11043
11051 11340
1844 1840
25401 25398
20372 20373
1730 4707
8629 15889
18537 18532
21448 16547
2830 6193
11084 4993
20348 15936
8714 7073
23788 18910
15236 67
323 310
15224 15225
307 302
534 530
7863 17002
3498 357
24721 806
22292 25920
16091 17964
15900 16447
8360 8359
16058 4955
11696 9290
7864 10407
837 652
6759 7237
24793 26925
7264 16040
6711 6708
16151 16150
15085 140
7510 3614
17259 9418
16092 9275
6615 10733
6041 27908
8158 8157
21307 21781
16042 15991
9518 6857
8035 21269
22674 20871
23042 10192
6047 6088
6181 11043
18041 8649
11493 24004
690 11060
242 25459
10196 18678
1624 6242
21311 6718
12996 24446
2457 2163
7190 6897
10863 10860
1844 1411
8025 9159
16272 7017
5322 7646
3653 203
51 1287
6193 3940
4002 3999
10844 6538
7244 9883
9157 15966
2163 2453
18041 23241
6568 6567
2937 26427
455 976
23651 13938
9608 9607
6429 18422
23342 17734
7073 16430
7415 3298
20322 20607
1396 5182
25056 21779
4198 4193
22484 20426
3894 6936
22993 22289
2830 6019
4191 4190
18910 17142
7886 21269
16592 9290
24319 13528
24506 19016
19055 19223
4848 19214
10936 10933
6253 6316
21732 20454
6247 6242
22170 26049
26845 24160
11845 13898
4592 4591
8153 9841
5912 6373
22101 22098
25459 25528
8715 6962
15963 7230
531 529
7690 7693
3844 10861
3493 10109
15230 15229
9875 17093
24344 24686
1256 8517
11169 11534
4197 4196
17185 9766
26968 26966
8487 16092
6902 7596
20426 20343
5987 5984
9140 16364
7863 16615
6798 5674
1225 1717
22377 4208
7447 7022
3203 9134
6513 3182
8553 8552
5969 6465
20511 573
25502 25493
21562 21149
8624 26404
7690 16700
18534 18533
6519 6272
7854 8406
15906 2763
6962 6963
6000 1627
10196 26801
7129 21076
961 960
19697 24101
16700 15991
3073 756
1531 1261
3707 5997
1365 10125
4001 4000
6636 9021
15975 6811
395 2161
9208 27986
1844 1842
6935 4069
1253 9776
16542 7043
23908 17661
18257 18251
18537 18534
532 530
24209 24419
15228 15225
4931 4930
15231 15230
10280 21156
10886 5919
1531 456
17541 489
24422 24419
323 312
7096 20996
11786 24111
21161 21824
28060 17020
8198 1947
300 301
6762 5322
20855 22693
17617 17867
16547 20582
1198 10203
17227 7509
314 320
6839 7353
16591 9779
7530 11179
11201 24373
322 302
17152 16612
6340 10530
6254 6326
4647 20702
20095 9597
23042 25241
5322 990
4707 6056
15419 6272
322 315
1228 1060
7424 26836
17259 16428
317 321
10862 3844
8396 8394
10863 10862
26404 26403
26820 27284
20734 20793
22931 22205
952 953
4002 4001
6501 26689
1493 4983
20873 20578
20382 20755
11502 18554
4208 20321
163 685
1024 19407
3972 79
23162 23161
2163 2455
6244 6243
18422 19407
7178 11453
2356 4920
2797 5602
18531 18532
1838 2227
26691 10729
7428 8487
11327 1947
17688 21640
11007 6143
310 307
4198 4195
4425 976
3566 8156
6881 16612
11442 11440
22484 20428
17968 3385
25751 23474
27300 233
6790 7799
10136 6937
346 351
17661 20123
5053 21311
1845 4350
10936 10935
6247 6244
9518 10163
22693 16643
24320 24318
4935 4932
10936 6626
2355 15833
3255 11394
18254 18250
5726 21417
22101 22100
26936 235
1619 1620
16542 8629
15924 5318
2090 6759
18604 18605
690 1197
7464 7244
11502 10662
11179 11177
11041 11472
18397 18396
19021 19014
21491 21487
4970 7918
10935 6242
27832 7236
5987 5986
6936 8764
6644 2765
20855 3876
6242 6626
20489 11137
22567 11137
7703 5674
21279 16891
1365 1362
2522 6644
26631 26743
20017 25263
7646 1060
6969 6968
7578 6029
5674 16506
24419 24420
17479 3559
14094 5365
15914 6790
26691 26649
717 3598
1117 41
1228 9183
8279 10398
16412 9403
23042 14008
7718 15959
20702 22346
17937 22170
8517 1531
4864 4865
11118 11169
323 301
5968 6120
6253 6252
21455 17601
6027 6663
17699 9402
1567 1566
7638 9412
8384 27955
10575 6167
27956 9260
26798 25189
529 527
312 300
18537 18536
24209 24421
15228 15227
314 309
6636 7279
24422 24421
323 314
10192 1568
307 306
16447 15910
4195 4194
20504 8761
21642 21641
17275 22185
8877 16466
25752 9070
16592 11696
26689 6132
22514 20644
20382 20381
3653 12555
490 11286
3812 6132
25750 25747
455 19034
16152 7236
1198 16863
11062 10832
35 5579
7707 991
21862 21226
27094 26839
10849 6523
7864 16143
18132 4045
11361 9559
27081 18390
24159 24158
12076 385
12848 3345
9501 10398
21379 21378
21028 7794
18424 19092
4848 24319
317 323
14511 10192
22232 22233
28008 16161
52 6175
20577 20582
4034 3053
16127 16402
10936 8346
26995 26994
21456 20901
5907 6704
1155 267
20438 21857
24321 19214
8234 17271
3360 3718
9708 20503
21009 7794
17084 22454
356 412
5854 6935
10549 6193
2103 6728
11989 11827
7230 6811
24581 24779
16592 8234
16040 7263
5388 7549
8553 17495
2708 6434
16042 7043
7132 6626
5900 5896
310 309
4198 4197
7424 26396
10711 6268
6144 1008
7265 8094
23911 20123
6666 6193
20997 20992
6247 6246
25748 9070
701 702
18262 9095
21009 21002
15961 15964
19364 8025
4935 4934
21276 20528
18254 18252
20322 20974
19081 20882
7766 16431
5388 16664
4970 9772
19081 21003
16388 17963
5612 15776
16389 16387
21122 21121
51 4245
5847 6261
456 1261
3785 6205
25025 25024
6956 6776
1635 22288
12479 29
6191 3940
9820 9819
19021 19016
21122 2933
9303 9300
8384 9259
21491 21489
22228 585
21491 20442
20504 21206
23420 23500
4848 13528
9276 5531
2904 2618
4953 3378
5928 52
18283 18282
4428 1197
1365 1364
2941 4378
22315 19145
7071 16430
2228 2227
6804 17069
16924 16922
24423 24420
7064 8025
9937 1089
5322 1531
6171 6172
16592 16570
3566 10186
16612 26836
10549 6019
6839 16430
4425 6389
23983 24242
16542 7263
10934 10933
1810 2895
4878 27955
6522 6523
10162 8094
20882 21003
4707 10811
15958 6875
323 303
2456 2454
25751 25746
16350 15966
7320 17655
2207 1376
6666 6019
1454 6471
10203 3493
8827 22232
311 306
24639 24007
7697 6732
314 311
67 885
6120 5967
4198 64
16042 8279
15921 6003
3566 992
7550 15959
5602 19223
5908 5909
11118 11534
16042 8629
16148 15966
11341 11054
5322 7505
3971 933
27010 27009
20620 16643
9514 8128
15745 22113
7676 7854
9820 21417
5985 5984
19080 20577
78 6096
322 306
3812 26550
5901 9181
16902 15916
25750 25749
7416 16386
10162 7423
20780 16120
16700 7043
2356 4319
416 18226
26478 7095
23161 1747
11049 11245
5528 5529
6851 3408
18424 23403
9275 9414
7368 7017
22813 22096
18619 5333
9417 7548
17227 6829
4953 9849
4707 6181
6606 18745
23660 23658
4848 24321
16025 16006
96 97
6027 6236
11047 11441
9951 5617
8156 8157
7093 7199
26877 26856
21937 22812
18661 11049
4220 10873
3562 21490
17578 10267
16698 7481
2355 4615
18255 18251
27081 4647
346 342
6663 6702
2356 11461
5322 9183
10936 10697
56 1936
5900 5898
8487 9414
18301 8517
17487 3345
7704 26977
8360 7131
6192 6191
16366 16123
5531 1197
7096 7994
22584 15307
16828 16827
7424 16612
4932 4931
7415 10083
16570 9779
6969 7522
11257 9425
4197 4189
7738 7740
17487 1493
7581 7756
5471 9238
10548 10547
7415 6003
8507 2939
7428 6881
27153 27126
8482 142
19074 3740
4878 9259
26402 26403
10936 1624
23403 19092
9507 16006
7129 10089
3762 10811
5388 7230
7327 7364
19021 19018
6936 7479
6144 6755
19014 19015
1505 3053
18216 18217
6083 1497
7416 6776
456 4888
2457 2453
27292 27153
2231 420
22166 24905
18824 6961
23081 25241
16700 8279
5322 7707
23115 17655
20649 22205
8964 9849
6936 10875
16700 8629
24423 24422
2389 8455
23539 17959
8444 7581
20947 20986
18259 18253
22641 19266
22789 22170
10934 6626
17953 17954
18252 18250
20589 717
25751 25748
17246 9875
536 534
14511 14008
16092 16612
16388 6811
1950 1951
6091 6544
19409 19223
8827 22234
8838 6851
24296 24838
17020 10407
26801 27009
8341 7149
6606 1109
19145 14050
21009 16979
11703 4053
381 380
17084 20793
16612 26396
3203 5907
24551 24552
7132 8106
4412 7178
27340 6362
18258 18256
27163 27374
17772 18282
5917 5973
17690 17691
1505 4034
16432 22385
6038 9417
25241 25379
9849 9409
20352 22549
23042 1677
4312 19146
11442 11057
317 314
6063 5919
