28085 7286
3907 603
4140 21779
21311 21881
8220 10790
5884 211
5142 10154
16411 15923
15837 15836
24757 24754
7770 10217
15837 14789
3894 9012
6757 8299
5945 5940
23442 23437
15872 15012
16483 119
2074 15696
20064 20065
11476 24129
16755 16756
17382 25256
24755 11741
3566 1491
16837 7642
16811 16809
5156 3097
8198 1861
13306 11868
11072 24160
6362 26994
961 11746
21690 20025
6000 3903
617 25182
17959 7867
3566 9425
7171 9083
310 300
4582 916
11265 27076
20623 20944
3041 3043
5492 16386
4412 4413
6772 6755
26941 26940
12852 5524
7291 5105
28028 28026
16602 16123
302 301
12808 11870
11265 27197
16110 21555
8192 16059
23518 18318
2299 2298
19026 11054
21728 21727
9245 9095
121 118
3338 5787
17961 7697
6760 6758
5134 6855
22693 21066
20324 20890
3553 9095
21278 23103
604 3914
3441 4195
28076 27787
14952 13661
7398 19702
3849 4663
21049 22233
21494 25064
15954 16854
7117 7116
25034 16376
26845 26841
24751 24655
770 769
12094 12890
7690 7688
16470 2074
18217 18216
313 301
17768 2111
5792 5791
7986 5471
14193 16130
3653 1876
20768 19079
18634 7106
8553 10170
6798 7642
3916 3912
12555 3277
3919 3917
5526 5527
6178 5453
20308 22477
1903 16846
6546 1944
5885 212
15909 16801
19655 3078
6959 6957
2074 7804
8084 27977
16609 25025
17479 22666
27001 11273
95 91
17799 6806
5407 5404
2355 19464
18262 1060
1938 5297
20442 21487
885 597
19080 25077
3041 17661
19018 19015
16265 15924
1448 185
1389 2988
19021 19020
4801 3271
21598 22114
2103 2102
20342 13857
20455 17669
445 446
19080 20768
25743 2919
15599 13740
6241 624
13866 14943
957 2957
24271 24808
13874 13306
2501 2498
16538 16059
284 97
11043 7713
21383 21384
24755 24749
7073 9125
16694 16693
444 463
3212 910
26215 25077
4909 22644
26976 27161
910 909
24747 24750
2302 2301
507 5070
26864 26812
19187 733
2355 19022
23444 23443
8004 2063
7386 7383
8402 8525
11762 12782
6956 16137
9095 6762
299 997
18129 20131
6643 5999
552 6546
16092 7862
9951 9083
4285 734
2428 4345
16346 7863
23267 2818
28010 16376
9686 9687
5062 14776
11741 24750
6798 17025
1408 1404
24721 13985
311 310
15097 10320
2305 2302
17661 3043
24638 14337
23034 22595
2090 7975
18035 480
7129 20400
21499 22056
3118 19034
16440 7740
11531 11411
18717 18715
1894 1620
154 3867
21379 7129
8035 22313
5410 5407
19019 19016
11861 12979
18617 18484
7530 10248
1565 1566
9763 9102
6418 8351
3796 3794
1979 1620
22334 15845
19949 89
15603 24104
4667 4666
3919 602
11003 15735
27872 7356
11650 11870
1024 6207
652 185
12713 12333
6875 16295
1632 1633
27053 7704
3323 4634
3911 603
2997 2892
21009 20377
317 316
2504 2501
16826 7415
6455 6674
22172 22175
3907 605
20056 7398
1469 1467
92 90
12094 4690
6670 6454
26739 26738
24757 24756
1278 15643
19149 24750
122 117
22693 22678
5173 1225
24592 24396
15965 15700
7464 9883
24759 11741
14750 14385
23442 23439
2434 1452
19257 14080
71 4474
23435 23436
8827 22854
9245 18412
7380 7381
27849 16524
9551 6855
13755 11208
21649 21487
20559 21564
26820 26824
16409 28027
4647 18390
25407 21818
1153 3058
25034 16123
15739 18110
932 4779
25298 20370
11325 17559
3894 5765
310 302
3170 11827
3294 16323
1668 2834
11182 5617
26941 26942
2303 2298
27511 27509
26958 235
17326 27941
6468 6467
28009 16122
5062 15878
121 120
11852 11841
16293 7799
6523 6524
18510 18723
8553 6776
9978 990
8272 2067
25671 25408
21521 21520
23363 4045
8219 17453
3849 4665
9260 8294
3842 4662
5388 6979
15950 7702
10437 6240
12453 13993
6789 7703
313 303
7345 6874
11721 14717
1405 1403
7184 7185
4477 4476
4303 15694
3916 3914
11259 18106
12417 13437
6956 6769
2495 2494
2498 2499
3812 9226
11055 19242
16469 26818
5885 214
27300 11450
11408 11409
4641 3271
7283 7285
22172 17679
17311 25299
20470 20447
15081 12864
375 376
5407 5406
11422 27680
17380 25291
5916 6222
21108 21084
26933 27211
19018 19017
212 210
8512 8511
9501 7076
8188 11834
27941 27940
7386 10163
2090 7238
19148 2996
12453 1416
12479 385
1276 2820
26937 27037
692 11171
17348 17206
11411 26824
16771 3612
4995 4428
24271 24810
834 4286
2501 2500
8456 7690
7867 17912
3598 20977
24759 24749
8158 3566
15790 12384
21278 21858
11164 15589
28010 16123
447 2722
5791 2389
734 1732
17698 8149
4375 11341
1903 3345
6758 6756
3150 3151
24747 24752
5942 5941
3118 16445
20375 22212
21079 8035
1253 1250
24810 24808
12479 18949
9820 21155
21049 23095
4365 4358
4080 18226
7386 7385
1389 14212
27942 27787
17097 17098
19816 2074
11023 2996
24164 16271
314 304
7722 7721
23518 23515
525 524
12496 11961
27406 17311
18093 1228
3915 3906
307 301
11602 12916
2245 24642
3553 6937
1117 3553
6956 16031
8570 11578
142 17617
17444 15950
5933 13839
12094 11550
1408 1406
3238 3519
2684 1950
7356 27871
20491 9581
78 1767
11805 6428
7118 6765
93 89
8487 7500
2305 2304
8517 9594
27621 25291
22887 6857
7196 12727
26463 7248
12380 12378
5410 5409
19019 19018
4970 9015
16694 16145
12566 12016
20440 2947
24114 19149
11374 26863
8512 3894
16655 15924
1832 111
19949 91
3916 599
3919 604
16643 25834
24129 24274
8785 9772
270 4286
8487 16265
7298 7998
2074 19767
5882 4707
1516 18951
5053 21858
18828 13542
3911 605
2680 15790
3119 4577
18129 11060
4745 13
18851 18666
17084 8436
28059 27987
7991 8342
13728 12141
4220 4221
24748 24753
15144 14385
5680 14385
21729 21728
19022 19019
2997 921
122 119
25025 831
27271 27274
20764 20524
20414 20411
23442 23441
449 450
77 4025
7424 16350
64 3268
20986 20987
6136 1395
16392 9245
17601 8042
5388 19208
16986 11381
634 509
6855 6636
25506 25505
692 11481
4635 16059
16986 6843
6253 1054
19950 3930
2680 11965
19130 22887
1486 5340
27632 24647
21498 20623
7834 7832
604 3905
2303 2300
20342 15458
939 3077
12439 13697
1947 19405
17326 27943
2064 971
2068 10246
20436 20425
21881 22202
1747 13574
17959 17912
7059 7058
2632 381
4660 4236
4660 35
23024 3413
7383 7384
7472 27872
6994 10312
6755 3614
27328 27632
11269 87
775 767
3849 4667
26499 8007
27274 27288
4666 3842
3052 3047
3912 3905
8497 11168
7721 7500
14261 20025
26818 17559
25025 18711
313 305
4266 13707
5388 8149
8192 16655
7464 8517
6674 6671
6135 6134
7697 15666
8192 8963
420 2996
12577 15643
7427 23389
1496 11322
19148 420
9271 7421
25648 27627
21212 20901
6905 16524
11707 12461
6970 9271
15910 6827
6310 3519
3756 3755
7721 16265
24811 24807
18510 24807
21311 22987
11179 10248
27987 15923
4487 2698
27953 16275
20449 20447
4665 4663
6979 6852
6851 6852
27987 28058
4963 4734
20729 22837
7144 19384
9147 9145
20796 20797
456 9095
4642 4800
11322 7240
10277 4387
433 453
24759 24751
17326 3957
2959 5945
7549 9876
17222 9269
27125 26349
7991 6545
6979 16664
8360 16736
14261 21690
5946 5941
23516 18318
19649 4690
7867 18035
3795 2955
8153 3345
7863 17098
13546 18217
17505 17141
23095 22233
119 118
1060 1904
20764 3559
27941 28076
11076 21076
26824 27296
16924 16112
24747 24754
9095 10136
6425 2384
692 690
22857 21772
26871 26819
1832 1831
9117 7185
7289 16193
6004 6003
9095 4888
21732 22602
159 26470
4365 4360
1844 1841
6811 8728
319 300
21276 21275
3797 3795
20362 1872
311 301
314 306
608 524
2762 2761
12727 9910
11052 11054
17755 17450
7500 16655
3915 3908
307 303
3914 3912
25671 25465
2518 4508
27276 27002
25533 25531
24066 812
5134 9021
1066 15523
23535 358
26933 27013
6141 6142
20725 20367
3595 12426
21270 17915
20855 15458
21862 27626
93 91
20701 22346
8220 19172
1008 6779
27164 1928
7291 9849
1453 225
10361 1212
456 35
17965 6777
11827 11679
7691 7689
21486 11137
11500 11055
11608 14789
21494 15458
75 2531
13830 13225
4770 1523
9395 22939
7043 15991
25348 11067
2064 19603
3052 1021
4709 27298
24757 19149
16058 16057
79 2771
2240 288
3566 9055
841 842
19708 19070
6960 6958
3876 21066
5322 6937
24753 24749
2442 3024
2941 4428
24581 24642
4849 6875
23288 21687
17606 20978
24748 24755
3944 22718
15529 3123
19022 19021
19442 19378
11118 11208
122 121
4008 1721
19691 1588
17889 13574
2013 1692
79 19349
3318 456
21300 19459
11476 2443
844 6091
23389 1861
21278 25298
20734 22202
2434 1577
11707 11845
12453 15836
7412 8771
2753 2754
5160 7948
16538 7500
15603 806
7863 8643
12453 14789
298 296
24756 24750
3647 16738
16916 8062
5680 14750
7464 9311
19024 24183
20070 20064
25662 21819
19248 8881
7790 7791
8766 18660
6762 8517
604 3907
10136 3553
2303 2302
1416 15836
12439 13699
4359 971
1416 14789
15479 1692
2786 3331
11762 11915
11100 20841
15966 16268
2734 16875
284 11378
2517 4045
526 523
11859 12198
12864 11259
17755 7948
3916 3905
3849 4669
14210 10061
4666 4662
3919 3910
26864 27126
11875 12852
3052 3049
3912 3907
7291 7689
9777 6723
3910 599
12099 8773
1228 3316
313 307
8153 16729
6960 15402
12727 17912
6674 6673
27397 27710
8192 8965
10163 16679
9978 2404
25024 25025
16432 21278
11861 4528
11258 8436
20323 22202
8766 3171
11718 15776
19055 2796
20642 19740
24394 24750
24757 11741
26806 11269
18510 24809
16986 16323
6566 6564
7642 16617
160 162
4669 4663
21490 21648
27512 25202
3294 16127
7073 2352
3913 600
212 214
21647 21487
7069 6784
76 289
22473 22468
8487 6886
26871 11411
1269 7251
20057 7399
21553 27194
6970 7421
6761 8479
2792 990
28059 28057
20764 21520
24758 24114
2021 6482
433 684
22531 22530
24759 24753
25232 25202
16122 16123
7767 7886
10876 10575
16837 7703
4478 3997
6800 8033
2355 19015
23444 23436
21448 26215
5946 5943
20346 20347
11762 2158
6828 6038
11845 13712
24747 24756
25182 24913
20524 21521
4580 3119
4361 1503
8649 15915
4365 4362
12076 11780
3265 3263
6773 8438
22645 16643
20323 21881
957 4723
319 302
21276 21277
7849 9594
25507 25504
6787 7703
311 303
314 308
257 1006
16381 16602
8785 4970
77 3519
23389 4386
304 300
21858 21494
19826 27090
307 305
886 884
4365 2389
2888 7719
6052 3699
601 3906
27951 7171
6643 8341
21690 16140
20764 21078
4811 4812
1250 5254
5686 5685
16257 16256
8220 19174
20780 20426
4670 4664
11373 11060
16655 16265
6755 9053
3203 6023
15909 15923
772 768
9514 7199
20538 21014
20739 20738
7454 7455
317 309
4878 6986
690 11171
20373 16187
1831 1462
24748 24394
16756 18195
3800 6134
6675 6670
24114 24751
10383 12199
4359 19603
23025 23023
24812 24271
7427 19487
602 599
16678 16676
13306 15822
24757 24749
8455 6868
7073 6837
8517 3316
5388 5078
5885 5884
21357 23015
27844 9636
6013 6564
24753 24751
22292 21051
4227 2013
7129 6890
26872 11166
11220 11366
6762 9311
20347 20348
4389 3738
2049 2048
21560 1359
5940 5941
69 341
24748 24757
16802 28059
5142 5143
25034 28009
24542 23871
13622 11611
16810 16808
23515 6806
1627 7135
12291 12299
7136 7135
3318 10136
19483 25504
21658 22202
16622 16464
3566 17822
3318 4888
26876 26870
27125 23373
16877 16875
23516 23515
28009 28008
21051 27509
17799 18318
1502 2013
21385 21383
5945 3
16696 16692
19582 650
15944 17582
3695 15734
24756 24752
11381 6843
3246 824
5854 6008
8094 7265
20070 20066
6460 6461
3695 10486
8827 21116
5680 15691
5943 5942
12367 14872
16617 5674
6875 8396
15953 15951
8094 7386
230 11023
21494 22844
24979 27510
1269 1266
7854 6852
3370 5828
3798 3794
19704 17999
4362 4361
12367 5086
26872 21233
9398 17683
9823 7767
2230 82
8497 11280
3566 7581
9 19254
27987 15901
17315 1491
10186 7792
3916 3907
308 302
19958 21154
3919 3912
3914 599
17444 15901
9503 4500
2442 382
16266 7500
3682 5433
3052 3051
3912 3909
603 600
21658 21881
11072 1095
1228 3318
1486 3613
16392 16391
6671 6670
5924 5918
9933 8406
11493 24170
22292 27509
8967 8963
16755 20994
2057 288
24809 18723
27190 27126
7868 9486
14741 14078
27375 25859
19257 19255
6773 6775
20308 19452
19021 19015
8781 8140
24394 24752
4165 27376
16266 16265
769 767
11930 13153
18510 24811
4785 17672
6007 6868
20350 20967
4669 4665
2013 19708
11476 11118
7533 5493
6986 27955
1832 4734
2389 4359
5509 67
21994 21533
16082 16161
16643 22644
22473 22470
68 4079
25504 25505
10136 1261
21087 4240
21710 1250
28077 28076
6672 6453
19500 19497
13588 11910
9808 9016
433 686
4785 9404
12293 12292
2355 19017
23444 23438
9883 9311
5946 5945
19695 380
13401 17803
20094 62
7117 8092
24747 24758
7382 7380
26974 11258
7569 7206
375 3202
10136 456
7064 7448
991 990
87 11137
1694 10532
730 397
456 1060
11605 119
12399 2838
3848 3845
1153 8838
957 4725
23364 2517
21728 22837
19306 4045
5322 26739
3050 3047
2932 19536
3910 3905
25507 25506
6132 6542
1462 4345
9583 5999
311 305
314 310
2827 8115
507 18381
16195 16185
2305 2297
13714 4168
304 302
20400 2747
18072 357
10878 5509
4993 8605
15850 3318
601 3908
22558 15427
21405 21406
7689 9849
6782 4715
20699 20426
1908 17765
17672 9404
20815 21540
1287 9982
7171 16275
9341 17096
7128 2090
3755 2997
21357 20547
22867 20504
3731 6023
3201 839
21593 20760
24160 24398
14556 12798
17714 27952
18110 25737
15961 6811
6811 7230
16293 7284
5531 4995
27951 16275
19628 19627
3503 19378
4670 4666
772 770
12373 15643
21326 20537
7691 7693
5322 3316
23531 23530
8034 8032
4426 4427
1692 11212
27197 27076
317 311
27904 7690
2245 11361
11472 18810
1407 1402
3800 6136
6675 6672
24114 24753
8326 8325
2011 18778
21185 18504
56 391
1979 1978
602 601
21139 22939
11965 12384
24757 24751
9934 7248
12855 22718
20729 21728
6013 6566
6850 18286
7206 8536
18717 24684
23438 23436
16922 16112
6841 6839
9592 9591
4652 1117
6178 1799
16388 8715
1237 41
17912 8570
7340 4163
8525 8524
908 216
15713 12454
6806 17475
16863 17733
22470 22469
4172 4169
7738 17162
5142 7373
21051 27511
3894 3895
2517 2518
11172 26966
16802 16410
16696 16694
24756 24754
18985 13871
20070 20068
6843 16323
7342 9591
19571 19566
22477 19452
5388 17699
20362 20361
1747 17889
1163 26469
8120 6852
14075 2243
6771 16154
135 134
7995 17703
7283 2716
24758 24655
2459 27665
3203 3731
5173 1717
24979 27512
11721 11208
27296 1928
25034 16602
3849 3842
7298 6636
2231 5520
2448 3828
4359 4358
3798 3796
456 15128
3844 4666
2941 2943
27113 1928
11749 12852
2021 728
23517 17810
585 1925
4581 916
7464 7463
7147 9742
3916 3909
308 304
3919 3914
3914 601
16006 2731
8120 16664
7862 7509
3050 1021
5885 209
25493 25531
3909 3906
8232 21271
3912 3911
603 602
22961 8035
12378 11612
24449 24448
25523 25531
1950 3197
11794 20865
22292 27511
8682 20847
5274 21208
3566 9932
20764 22666
11241 11240
26925 26793
773 767
19021 19017
23326 11179
27942 3957
776 772
23518 7148
16728 8219
24394 24754
913 3177
2796 19409
3429 7015
7875 7289
4669 4667
17683 1851
2176 17193
19469 20173
2450 2449
24851 20132
20649 22204
3046 7398
15100 12454
797 1366
15211 23023
4635 9341
4359 20023
17688 20517
22473 22472
24754 24750
3051 7863
20068 20064
18647 18644
4955 7481
12852 11871
7340 16003
453 401
19500 19499
12454 11946
221 2495
8629 15991
8868 7642
27114 2074
21311 20323
2355 19019
23529 358
5388 5390
17717 3969
1008 4652
11861 12492
12925 12857
16258 16257
16997 8460
20363 22331
1627 5340
956 2957
3170 3259
4227 19708
3845 3842
9096 3318
15924 27873
2141 8715
3848 3847
11053 11393
299 297
11627 11628
3050 3049
3910 3907
24807 13985
6994 8037
922 2676
8840 3742
311 307
149 2460
11578 16058
26806 26938
314 312
1020 13535
3752 7118
11780 12782
2305 2299
7415 10366
2102 11244
15713 15100
25064 22844
16986 16127
20895 20892
930 931
5410 5404
11324 11051
20971 19840
21690 12882
7707 2967
7445 2967
4403 2
6786 16099
17479 22947
11509 27204
4667 4663
27510 25202
4670 4668
3918 603
3559 22887
16233 16805
1632 1630
16175 7415
3911 600
15412 26906
11861 11003
8726 7093
24905 18195
317 313
6455 6671
1407 1404
6675 6674
5479 10068
13679 14230
24114 24755
22789 26049
1425 2175
6402 4566
12453 6835
908 902
26812 26863
2404 3664
6151 6152
26820 11411
6761 16698
21858 15458
24757 24753
19022 19014
14892 7147
3758 8184
4647 22346
23442 23436
14261 16140
9335 16195
7864 17435
14760 13343
16411 28057
6874 8065
9734 6788
8192 15924
3345 1491
15909 16411
27643 26215
21540 21541
445 861
24747 11741
7702 16410
19469 5194
11367 11366
11859 11599
1981 1894
25549 25547
20891 9094
4172 4171
163 222
25298 22703
302 300
19173 19172
4566 1028
20323 22987
13887 12276
23326 7530
599 3906
19497 19498
2299 2297
3566 5236
121 117
7129 21378
7463 9883
3318 8517
7721 8192
23517 17799
25240 27434
19571 19568
20505 20412
22602 22603
20668 21830
3849 4662
7472 16203
2640 26739
6229 6424
3849 3844
19149 24655
2708 2707
1109 11080
770 768
6747 7289
3844 4668
234 236
313 300
26906 405
5839 6094
7738 16480
7633 16952
5792 5790
6793 8344
26900 26897
6772 7238
6789 8868
3430 12383
6061 5914
8724 8294
209 4794
7839 9823
11833 4338
3872 192
3916 3911
308 306
3919 3916
841 540
1613 3271
5885 211
602 3907
3909 3908
5471 9239
5433 8947
6794 7118
4055 1747
15909 16800
1023 3442
26801 15412
4041 11611
1090 18664
16609 25024
6277 5552
16538 15924
15700 13364
15901 16801
1947 23388
16140 12882
23419 486
5407 5403
27716 27698
2047 2048
68 4767
12279 12924
15353 23240
11241 11242
79 20094
773 769
8570 9910
776 774
7840 8115
23532 23529
24394 24756
23535 23534
20701 3522
27952 27951
7445 7707
6241 623
2245 13646
5134 9687
149 12811
20749 20451
24271 24807
17717 17716
3653 8896
20440 20864
25172 11144
21649 21647
6905 27849
16059 16060
11051 11323
234 733
2959 5940
27953 16633
722 1719
20372 20356
21022 20438
7954 11088
16694 16692
3212 909
15942 17582
20866 20864
17479 1686
24754 24752
27376 27094
27817 15991
2093 2234
28009 16161
6160 6161
9260 9259
20068 20066
18647 18646
24747 24749
79 19410
23439 23435
21051 25232
25403 25548
8307 20372
7975 9053
4311 5287
20458 17669
2389 2390
16802 8883
692 5236
2355 19021
19558 25454
8230 8232
5234 2939
10319 2648
314 301
5793 5791
209 5883
16925 16924
3914 3907
3566 7627
9768 9311
3497 357
26876 27292
4134 11531
3910 3909
21994 20974
20768 27643
125 119
311 309
455 6181
2355 19384
4955 9135
22757 20623
3269 22693
937 936
6757 6756
6776 6769
21499 22055
20895 20894
12775 12002
16440 7739
1894 1619
8781 9822
2737 847
19349 460
4500 16031
20774 21772
19019 19015
21658 22987
15850 1228
18617 18483
317 302
5917 6082
8603 3521
21862 25648
14005 3129
22292 25232
6362 1773
26835 26836
9355 10703
77 734
15346 26433
12399 13943
4667 4665
3246 3245
19097 11364
11439 803
20488 20489
3918 605
7071 6784
21112 20841
27328 24904
3566 2405
3913 3910
11449 6860
11003 10486
24372 24379
19949 9779
689 2173
1492 8647
317 315
11533 8436
6455 6673
19034 6181
12454 12687
22867 3717
15422 4857
5194 19471
7309 7716
1278 11549
26958 87
149 11698
92 89
7178 19018
24748 24750
3339 12282
15254 3408
6670 6453
24757 24755
19022 19016
19130 20764
12291 12292
17381 27621
23442 23438
3756 2892
16411 28059
11476 24130
12574 13785
4582 3119
10366 16644
2013 19070
21278 25064
25988 7863
4286 734
25034 16122
12076 11828
7416 8363
17326 7403
7004 7335
26953 27288
5680 9268
8438 6775
16388 16653
4566 15138
6673 6454
2303 2297
12757 2484
25408 25465
17326 27940
24683 24243
8198 19487
599 3908
456 1119
4580 4577
18646 1843
19571 19570
795 1460
3849 4664
13944 24395
3919 3905
15735 15734
68 4514
3849 3846
24902 25054
7740 7739
15735 10486
12373 10320
27164 26824
5900 6601
16242 15915
4434 5933
7345 8149
5976 6367
3522 18390
12956 13300
315 311
3503 1115
21858 22844
1405 1402
4794 210
3058 6097
2220 2783
20383 20895
3916 3913
22234 23094
3919 3918
7526 7527
602 3909
6593 8113
10318 10317
27300 11449
8397 16424
21276 22051
652 2225
1228 3553
22949 25412
25291 25256
6362 26795
21289 22700
5407 5405
19016 19014
20456 20447
7730 17250
4341 1409
1409 302
18715 24684
7697 4241
21051 24979
14193 7863
6930 6957
8674 6852
16346 8643
773 771
2090 7237
19558 21818
23532 23531
6607 20489
4665 3842
18280 3939
16258 9469
5674 16837
7403 27943
19022 7178
834 4285
17630 8674
7463 8517
2501 2499
4641 4801
5322 10383
22603 22694
20440 20866
6761 16058
22468 22469
9719 9718
8456 7689
2203 16805
2959 5942
8674 16664
22175 17679
7702 8883
26973 26972
11289 11382
64 3441
28010 16122
17700 17606
4909 22645
24747 24751
20456 17669
17700 7928
23439 23437
7799 16292
4169 13571
4365 4357
16810 10695
7147 5116
21556 21555
9395 22560
2740 6527
4357 4358
26218 20370
26498 8346
20855 21858
314 303
20571 17669
12527 11539
22292 24979
24904 24647
2888 130
16122 16602
307 300
2937 8653
3914 3909
306 304
4478 4476
542 19536
16464 10300
5896 6601
17086 16470
3041 18280
21029 22051
6764 7808
9934 26463
22212 17937
7992 202
125 121
23515 18318
20442 9395
3269 64
20363 20362
24104 13236
24638 14338
9583 8341
2939 17572
16206 16205
17450 5160
5592 9815
19019 19017
16388 19070
7178 6872
23516 7148
317 304
11084 11073
2763 4635
7403 3957
20668 20974
20855 21066
1228 6762
21513 22463
1833 456
758 26963
2674 5236
270 4285
3913 3912
5053 21857
2002 1581
1253 2
9781 20733
9260 8724
6455 6675
26895 17066
3707 3699
1807 524
16092 16402
17699 8149
1469 1468
6056 5882
5388 9624
7770 22342
7178 19020
1471 12094
24748 24752
13778 4269
16482 11605
5332 6467
16992 10135
19022 19018
8517 3553
27263 27153
1082 1180
686 685
23442 23440
2775 3961
27943 27787
6792 7441
2505 2501
16876 2618
954 2957
9417 6038
9469 16256
21311 21658
16098 16058
10878 885
4303 3534
24160 284
15921 11177
26806 26863
1668 1667
10878 67
11656 18562
7991 16409
16411 16410
416 9037
2303 2299
13993 1416
7415 6800
3346 1817
23373 7875
17326 27942
16809 16806
18093 9095
5995 7416
8460 1180
2632 380
19223 8272
8603 6827
8037 1491
6956 7804
2522 6372
16850 16470
11573 11572
19081 25077
4227 19070
15080 12358
6887 6886
3919 3907
17318 9341
9777 9982
3849 3848
4134 10662
24130 24274
20765 8827
8120 6979
3051 3050
26864 11258
24197 15589
24398 11378
315 313
6135 6133
11054 11286
1405 1404
6755 7238
26926 27304
3916 3915
27844 27874
25648 27626
24812 18723
602 3911
20899 20898
11297 11128
19173 18613
16670 27977
4641 3272
3171 18929
19020 19014
11258 26863
25506 25412
8084 8732
4312 5433
992 8647
7500 16265
16664 9624
11749 13221
6930 6959
4669 3842
6234 6209
11532 5531
9933 9932
212 211
87 26863
9395 21139
28058 15923
27987 28057
18645 4857
5322 1633
24903 16464
11861 15734
19130 3559
6004 1438
3908 603
16347 16346
15850 4923
8153 17331
11171 691
15739 25737
7799 9636
11051 11327
2959 5944
4163 9352
5946 5940
16837 8868
11411 27296
15897 7721
7863 17097
119 117
7510 4635
6758 6757
12492 15735
4312 12454
24756 11741
6311 6940
420 230
6565 6564
20442 14511
20578 11137
159 26469
8492 17160
4365 4359
22887 16402
3847 3844
4970 9808
1359 41
3118 19950
20855 22678
4357 4360
9857 5065
3203 6704
311 300
730 3896
314 305
11084 8605
11780 2158
22718 27304
2151 4040
6136 6134
3914 3911
2518 4507
12299 12293
9763 4770
17688 23222
2300 2298
2389 5790
2068 23374
2763 16059
125 123
288 3793
5405 5403
20642 2517
19565 19566
19627 1721
7118 7116
21278 20370
4360 1503
26777 6362
24752 24655
2516 623
771 769
18041 17617
4970 9016
956 4723
9858 8174
27817 7043
5962 9764
19081 19079
317 306
8833 21212
9820 6835
17369 7509
24394 11741
11637 11638
16750 6979
1402 1403
5880 11280
15739 2919
7690 7291
885 884
6960 6957
8531 1491
8164 10365
5322 3553
20572 20571
3119 4578
19753 27335
8007 9563
4507 4508
5408 5404
2941 6871
21742 22530
15944 7875
19695 2632
13698 13697
8350 10087
420 5520
20977 17479
16469 17559
24748 24754
3024 382
22844 15458
11922 385
19022 19020
798 3867
11457 2271
3917 599
7416 7415
3904 3060
20414 20412
16806 16807
1531 3637
23045 5541
209 210
1198 10109
8629 8576
16602 28008
8881 691
221 220
2502 2498
18009 18418
2505 2503
1491 9055
77 2390
10217 8833
6956 2074
2797 2796
6650 6168
24756 24749
9245 456
16736 8359
12852 13221
17803 5531
21175 6873
932 931
21311 20734
2303 2301
26824 1928
12439 13698
2074 15246
257 240
2640 2825
1411 1841
5141 5143
16809 16808
16622 10300
185 2057
4362 4358
11828 11679
23267 8245
526 522
139 76
5471 480
24164 3737
15691 16678
16876 16875
3919 3909
8731 12383
7784 1434
31 435
3912 3906
12713 12378
27512 27511
26835 1928
17479 22887
8360 16469
11168 14800
11612 12333
6798 16507
3894 8817
18926 803
12461 13712
2401 849
16447 16445
13699 13698
602 3913
17799 7148
27190 11258
776 767
6937 9095
7073 7707
19020 19016
18882 19311
77 1732
20023 971
24394 24749
4801 230
11164 24197
25232 27511
13414 11886
18510 24808
3053 2064
6470 6855
6566 6563
16691 16145
9876 5078
4669 4662
3129 6223
3272 1613
21490 21647
20449 20448
16992 7627
11344 27403
4805 995
11076 11144
1475 2996
290 7451
318 316
13707 15642
22173 22175
3908 605
20057 7398
16411 7702
10848 10849
4412 18797
7692 8344
19173 898
15739 25739
1493 2124
3041 20123
6671 6454
24812 24807
8455 6007
14005 7994
2959 5946
8370 15991
12378 12333
6800 8032
2355 19014
16376 16123
5946 5942
3119 916
4578 4577
3370 2484
11397 27400
24721 24810
9849 9135
23373 26349
16469 7131
16800 16801
7043 16542
28076 27942
16636 22291
17099 17097
16411 8883
5556 1936
20524 21520
26871 26820
4647 3522
4365 4361
2203 16233
1236 4403
2356 4168
15733 4888
79 289
3847 3846
14271 24341
5938 16388
7875 16412
14697 11617
311 302
24129 24130
314 307
27113 26824
21521 22854
21139 22560
9777 1287
9246 16146
5896 5895
3914 3913
5142 1491
601 3905
5053 20438
2680 12384
2976 6784
4357 2389
11147 11413
2825 26738
24271 24721
14650 12723
21862 27627
10088 16438
7427 1861
1561 5236
23364 4045
13766 12639
13993 15836
20425 20426
21515 8042
26806 235
4670 4663
13993 14789
20538 21013
7691 7690
4652 41
4382 4381
956 4725
997 296
317 308
4663 3842
12164 12204
3800 6133
15936 20347
24114 24750
15909 28057
142 18104
11597 13675
4647 23388
6960 6959
16802 15923
2251 2784
3156 2890
2036 3613
22173 17679
11930 12279
6013 6563
5408 5406
1800 1801
14776 12528
12047 12046
2240 3793
3566 8359
17381 25291
19702 20057
6124 2314
21658 20323
16609 831
24748 24756
16802 28058
1228 1531
25034 28008
756 489
16810 16807
2474 3098
27942 27940
3917 601
11048 11379
4635 17096
16388 16296
24758 19149
209 212
3921 6089
4359 3053
7707 10225
2502 2500
7445 10225
2696 5254
11612 3207
3339 12530
27328 25394
11835 2956
17479 19130
7581 16357
16447 3118
26438 7516
24756 24751
5792 2389
20070 20065
19130 20904
7427 8198
11544 11680
123 121
7345 17699
5943 5941
7264 16542
6849 18286
10154 6806
11279 11382
8359 7131
10365 2825
3969 5476
913 4074
19558 25407
24979 27509
16983 20373
77 540
10369 9067
433 4376
19856 19853
4362 4360
3844 4663
1228 7505
10217 21212
16746 16875
26571 5254
315 304
9499 7117
3316 9095
2858 22769
26806 18599
3916 3906
308 301
12780 12020
3919 3911
16609 18711
17961 18082
9808 27995
6798 16617
35 3525
603 599
8164 2825
11391 13383
4641 230
19741 24430
15915 15913
7386 16679
16409 8342
1748 1747
9808 9807
2241 3077
16755 20993
20354 22829
31 908
7867 13690
8388 16839
4080 1748
776 769
2997 2013
19020 19018
230 2996
23535 23529
17099 7863
28077 27941
11859 12454
18510 24810
7688 7689
6566 6565
5322 2792
11550 12113
10208 9754
282 1550
2785 2251
7427 4386
3647 1492
8517 10136
18601 12510
10253 10170
15924 8017
7427 7769
4995 13401
16412 17082
20315 5817
8517 4888
28010 28008
20123 17661
2389 4358
16211 9629
20768 26215
1471 4690
5516 456
4031 3939
6214 5453
6957 6958
2356 13714
8674 6979
26938 26863
5340 3613
11258 18599
1250 26571
26895 27166
5944 5942
2384 2563
956 955
24574 11166
3562 13152
433 685
24812 24809
26864 26806
15954 15951
8497 11079
3041 4031
6800 8034
2355 19016
1359 8434
9719 1443
11780 11827
9125 13280
2170 24339
3404 2484
5142 3345
7117 8091
10305 4923
7707 9125
17479 21521
7445 9125
6734 16203
6137 1395
8881 5420
971 1505
3494 11718
992 8209
18072 3497
17768 21516
20666 7992
957 4724
2141 16296
5479 1287
6344 6461
25507 25505
20538 20760
12549 27627
17730 17733
17453 8299
11834 13766
3894 8511
6798 7799
7875 17582
685 222
16137 7804
7994 3129
26986 26987
886 885
7167 16677
11494 24170
19146 3129
886 67
24271 13985
15999 26687
25743 18110
7424 15966
16388 21278
10249 23326
23025 3413
8174 9489
3201 838
17714 27951
24574 21233
13244 13993
4670 4665
7646 7505
3918 600
6851 6776
4667 3842
6000 7135
3913 3905
305 300
4021 16270
4660 456
12822 2111
12336 13774
7702 15923
317 310
18262 7646
12336 12956
848 4376
27904 7689
13012 13993
5933 18866
6056 4707
6675 6671
1505 1936
24114 24752
4878 8384
3906 603
15909 28059
4963 16793
3762 15642
20701 18390
7702 28058
16410 15923
94 93
16678 16677
7073 6838
16381 16161
15836 11608
5594 1212
20729 21727
15700 12501
6013 6565
19442 3503
3757 3755
26821 21553
1516 19306
20375 17937
21593 21014
18717 24683
433 848
161 160
24748 24758
11787 3197
6563 6564
25034 28010
15917 16003
16810 16809
1180 16997
3917 603
17444 16802
209 214
1496 3354
723 435
25494 762
11049 1110
3647 7279
7569 8536
22470 22468
2355 7178
16388 8017
11823 12289
11859 11946
11072 24398
22233 22232
8037 9055
27292 26870
17315 2405
25826 21772
20058 20057
1991 192
6154 8220
3867 11052
7244 9311
26744 7975
684 685
7265 7384
15763 2838
19423 18913
15944 15947
19571 19565
5388 17698
135 133
15815 12046
9096 4888
27643 21448
7416 9889
24979 27511
5322 1250
24160 11378
21277 21275
23517 23515
3798 3795
24750 24655
18260 21521
3844 4665
11461 2356
20363 1872
6003 7017
992 18076
15923 15901
8781 7886
2232 18172
954 4723
18035 17912
6800 7526
16746 16877
315 306
1005 524
433 298
8455 7837
2873 14943
26491 23693
3916 3908
308 303
6606 11080
3919 3913
3339 3338
8517 9883
4953 18170
16381 16082
16983 16187
8232 21270
12855 26839
6429 6428
21229 18322
10109 3493
603 601
23536 358
883 884
4362 2389
18853 18601
1090 3843
28008 16082
7244 6762
21456 21869
8876 1491
10828 18119
16127 16323
957 954
9590 17278
21379 20602
25412 25662
7864 6857
22292 27510
1627 3903
8519 8774
5322 10136
17755 5160
6842 6839
7171 5617
3051 16130
19257 19256
19079 25077
5322 4888
776 771
20460 20453
10136 15128
23535 23531
769 768
21555 9581
7986 11549
18510 24812
15713 12495
2495 19187
20867 20440
11717 14672
2500 2498
6672 6670
18000 18001
27409 25161
17453 6757
1448 652
1424 66
696 7729
5675 8961
9754 7721
840 540
23267 5592
17661 3939
22949 25662
16602 16161
27300 27325
19612 1646
7827 7826
24754 24749
11067 25944
21867 15427
4041 13152
4955 2461
221 2494
2786 2316
24812 24811
4163 16003
15954 15953
2355 19018
5028 13943
15978 8884
3263 3264
7117 8093
3053 1505
4745 26571
5194 20018
21279 25298
26974 17086
22474 22470
1236 1253
21648 20442
16388 10300
6759 2090
21116 21520
299 296
3662 8500
21108 21107
21022 21858
3910 3906
20760 21592
16737 8360
922 2675
8827 18260
11578 16057
13091 1790
27977 8732
3752 26365
8164 2640
20584 20585
6794 3895
9514 9512
19070 921
4647 8198
3316 6937
16986 3294
15953 9833
7928 20978
7703 7799
23532 358
16755 25009
6007 7837
3737 16271
20815 21541
774 767
3272 4800
27874 7799
5944 3058
20023 2064
3795 3794
486 485
21015 21013
26793 26836
20346 15936
24902 25238
4667 4662
20447 20448
4670 4667
3918 602
16388 15924
8370 7043
20377 20389
20547 23015
3913 3907
305 302
4670 3849
24810 13985
3911 599
10217 22342
8034 8033
4725 4724
317 312
2443 11118
803 11280
1228 1630
6455 6670
6675 6673
24114 24754
16676 16677
3906 605
18126 9938
25394 27632
9932 8479
965 20131
7178 19015
3756 2997
91 90
4031 721
2941 13401
20729 21729
23442 23435
9590 4635
459 3118
8629 27817
24581 2245
16193 9403
3430 8731
161 162
20764 22854
1928 26836
1065 1063
3291 8838
15909 16410
19767 15696
16293 16292
21079 22313
16176 7076
3917 605
27126 26863
26864 26863
22678 21066
24904 25394
6422 4762
16876 2734
19024 24404
212 5883
13697 13306
2997 19708
11413 27403
12910 12108
24759 24114
22233 22234
27164 11411
16802 16411
4479 3997
599 3905
9218 9219
20774 22858
8570 16057
7073 7445
27053 26977
8487 16059
20519 20538
19571 19567
15963 15962
13874 11868
20668 21829
7869 9486
4581 3119
1163 26470
1925 26793
17479 21591
2640 26738
2957 4723
20993 25009
15947 16368
8781 7767
8153 8198
802 800
10303 7283
3269 3268
18717 24243
2708 2706
11525 21591
7692 6793
3653 18426
770 767
3844 4667
954 4725
7043 9501
315 308
3907 3905
7839 9822
20383 20892
2495 733
308 305
22645 26863
26864 11374
3919 3915
1747 19300
28009 16602
298 3000
602 3906
11971 13023
8232 21272
27952 7171
5769 25110
28059 15901
16483 16482
15901 16800
23419 485
15993 524
957 956
6875 8065
22292 27512
11358 11116
7421 8504
21107 21084
773 768
12345 4323
776 773
24748 11741
20740 20738
3915 601
23535 23533
16801 16804
318 309
13236 3218
1629 1628
507 504
7403 27940
25034 16161
26773 27312
3429 7016
3494 15776
1686 3559
7129 2747
17997 17998
5996 10065
7505 1277
3742 13
2181 10
22233 23094
3046 7399
797 1367
16412 17086
1425 1424
11414 11374
830 19974
20698 3078
2792 3318
1395 6133
6166 6167
24754 24751
18644 15422
3118 455
20068 20065
18318 6806
8647 18076
26470 26469
25403 25547
26872 27681
24809 24808
4582 4581
8245 9815
9409 9135
2451 2449
10170 7735
16257 9469
1577 2595
314 300
15962 6811
5793 5790
16021 16022
3272 3271
22474 22472
26218 22703
24979 25232
16925 16923
3914 3906
306 301
7721 16059
6424 3563
9849 16846
9271 8504
11602 12094
5946 3
299 298
11433 27076
3910 3908
8567 9290
608 1807
20588 20585
77 11445
7702 15901
4378 6871
125 118
159 1163
20904 3559
7356 16203
937 935
11433 27197
17318 17096
19568 19566
21674 11411
24755 24655
774 769
3273 19256
27092 27013
3846 3842
317 301
11318 8497
20350 22877
23533 23529
7166 7165
4667 4664
7627 18076
4670 4669
1250 5730
3913 3909
305 304
21536 20350
604 600
1228 9095
16955 16653
25531 25532
9933 3566
16643 4488
1228 1632
6455 6672
13774 13300
24114 24756
1832 16793
28010 16161
15642 12672
7178 19017
24748 24749
954 955
19022 19015
16011 6769
2208 8570
6229 5928
22645 233
12639 8773
7073 10225
9889 7185
16411 28058
23515 7148
17939 17940
12555 12687
2505 2498
2761 4181
3598 20331
1491 2405
7054 6805
18082 15666
26365 6765
22857 20774
12076 11827
26795 26994
834 270
18853 12510
8553 10252
24758 24753
6980 6977
7004 7334
16388 6853
25549 25548
5388 9876
21380 21381
12020 11602
23363 19306
24751 24750
15763 12399
7833 7832
3762 6452
21405 5344
6673 6453
2684 11787
610 2834
20855 25064
6191 5891
599 3907
965 11060
7118 8092
19571 19569
10365 26738
9514 1985
20802 3566
1278 12395
16412 16470
16729 3345
2957 4725
25395 25444
3849 3845
9511 6827
342 63
27032 26933
3051 3047
717 20585
3911 3905
20178 23751
3844 4669
25407 25454
7995 4995
19918 19919
16388 921
296 297
315 310
142 16863
15850 9095
18073 357
20383 20894
308 307
10135 8209
6372 2515
8517 1256
602 3908
9556 130
22559 15427
841 1938
1529 2312
27643 25077
8164 26738
485 4262
17181 17832
15763 13943
26824 27145
24721 18723
7975 7510
15901 16802
2937 7095
7799 7284
20967 22877
18679 4610
1531 7646
18715 24683
4834 4953
15909 7702
9246 16691
27952 16275
6839 6838
773 770
7017 7369
776 775
1863 858
4664 4663
435 216
23532 23530
3915 603
20731 19459
5322 1630
318 311
433 3001
11379 2896
7403 27942
16058 16698
834 4284
16951 16952
4641 4800
21649 21648
15909 8883
9501 16176
6674 6454
21278 10300
19347 11259
2959 5941
3566 7373
624 623
18744 24286
20855 21494
8553 10186
8579 6940
7581 8592
8544 10366
26289 4610
5938 2141
24754 24753
16664 16750
976 6151
22264 20315
11713 12059
20068 20067
2312 64
18647 1843
21175 20802
23439 23436
22315 2466
8307 20373
4635 17278
833 2022
16175 6800
812 7103
2232 1653
10253 8553
16140 20025
24903 10300
5033 3408
18010 18009
2919 7171
83 4311
214 4794
314 302
5206 6490
5793 5792
1366 1367
22471 22469
7334 9263
8220 7141
1978 1894
11003 3695
3914 3908
306 303
5899 5895
3738 1733
7886 8140
9849 4955
12479 12076
125 120
1228 18412
20363 20361
24759 24655
7479 26569
4021 10665
9592 7342
9992 16617
2093 517
17479 22829
8219 8299
4181 185
774 771
8967 8192
18483 18484
3846 3844
9315 23693
19587 19702
8456 27904
317 303
21278 22703
23518 17810
23533 23531
767 768
9140 9288
16402 17368
12439 13306
309 304
312 309
3051 1021
4488 25834
270 4284
5524 11871
3913 3911
6482 728
604 602
2389 3238
20442 22939
6636 7998
9335 16185
12781 17742
3051 25988
9849 3345
7178 19019
16258 8476
7424 6886
24748 24751
1980 1619
2771 19410
4745 5730
11242 11240
19022 19017
7054 6794
777 772
10208 7721
7043 16700
11721 12113
20023 1505
27325 87
20024 4359
20457 20456
7954 11144
5922 1434
9781 11525
20581 749
19080 19079
6811 7719
3207 12864
6841 7073
2505 2500
4953 4955
13707 12672
20572 17669
17368 7509
15735 3695
18380 507
4353 11756
6082 6876
24396 24403
17315 3566
8677 16211
3171 18660
23172 27698
16655 16059
1425 676
24758 24755
6539 18119
20069 20064
25408 25574
62 19354
133 575
7054 3895
20364 20362
79 460
26215 19079
15624 15625
4580 4578
26978 11144
26973 449
23530 358
5995 7415
3295 9849
8833 20901
7840 10065
11721 11550
7703 6798
19347 18106
11835 11837
23363 2517
3598 20588
11757 18562
7719 8728
23222 23223
9096 9095
3919 3906
11439 18926
18412 10136
3849 3847
4953 3345
4428 4426
8595 4053
3051 3049
28029 28027
3911 3907
303 302
7223 7221
5604 3571
10163 16554
24808 13985
26835 1925
8032 8033
8517 9768
26793 1928
19026 3246
315 312
4794 211
24398 1928
6755 7237
20856 22769
12454 19146
7416 10366
67 597
602 3910
16554 7385
3171 18928
8350 7682
7071 7069
206 4583
1496 7240
15947 7875
16154 27830
6362 26796
1228 6937
11072 284
5254 8840
7647 7646
19016 19015
16802 27987
26795 26796
7465 7117
1908 3370
27511 25202
6930 6958
16146 16692
773 772
5322 9095
1633 1630
10848 6524
1152 15815
11117 11115
3915 605
5922 7784
5322 1632
318 313
5848 1153
8827 1554
7849 8517
20408 26806
6162 6160
28058 28057
22693 25298
734 4284
22887 17435
11602 12890
24757 24114
6454 6453
2959 5943
7676 9915
21536 22877
235 11137
19255 19256
24721 24807
27113 11411
4970 27995
5420 1628
1570 10046
12492 15734
686 163
23439 23438
8219 6757
6565 6563
6828 9417
12492 10486
2230 4319
15739 12099
133 1798
9499 8093
13993 14531
6402 1028
4970 9807
18715 24243
7416 16353
4357 4359
5843 15293
8245 9001
17076 21405
8196 7833
4796 9361
9414 2737
375 3667
13697 15822
6136 6133
23388 4386
16266 16059
3876 10300
3914 3910
306 305
87 1924
4478 4477
12299 12292
16826 3298
600 3906
5142 17474
2300 2297
925 3208
6960 6930
28057 15901
125 122
23518 17799
4353 13234
15964 15963
17574 8947
12713 11612
18021 13608
11072 97
1560 1561
16411 15901
15924 6886
27053 22969
7722 15897
26218 20855
23537 23531
4670 3842
771 768
774 773
3853 13419
11250 490
317 305
11890 12864
5322 10305
12757 1869
15246 15696
2951 3115
1095 24398
309 306
9892 9339
14212 15853
312 311
842 540
11172 691
26438 11338
130 8184
6723 9982
26218 25298
290 28027
23287 23369
5134 6470
3762 15529
20855 20370
11845 12461
16122 16161
7421 7516
23363 23364
8007 9562
5730 1253
5408 5403
18322 22422
1947 19487
8439 8438
1505 5556
7230 23116
3232 374
11318 11079
7178 19021
20350 21258
24758 24394
777 774
8192 16266
8517 6937
41 5055
10665 16270
23536 23534
16198 16398
21832 21533
3909 599
2734 2618
19080 19081
16757 8404
4842 5907
25161 20475
18035 6806
3209 632
18282 18283
2505 2502
77 2389
3291 10241
11338 7516
17479 20524
8567 6771
20054 20576
13740 2355
6835 7381
3799 2955
24758 24757
20994 18195
2442 19950
11852 12059
20069 20066
18928 18929
20764 21116
123 118
456 7646
23440 23435
4090 2609
15944 15942
23443 23440
932 930
1496 1497
2244 5332
4007 4008
1829 1828
5141 5142
9268 15691
16809 16807
18093 9096
11147 11344
5928 6424
3872 292
10700 20683
4362 4357
24753 24655
6772 2090
6214 1799
3844 3842
315 301
27406 25300
9781 2104
16853 15951
17145 16059
15691 16677
3919 3908
734 2621
5730 5254
20489 7954
17855 2111
3918 3912
3867 26349
16846 3345
22206 22204
19978 19789
1527 5411
19081 27643
16122 16082
3911 3909
21640 20517
27512 27510
17479 22886
315 314
9932 8406
8839 7017
15211 17743
7702 27987
5409 5404
830 356
24114 11741
7839 8781
13699 13697
602 3912
22170 22789
3 3058
19020 19015
6429 11805
6771 9290
22857 25826
318 302
18202 74
3521 6827
25232 27510
159 1477
8706 7440
25412 19483
3273 14080
3295 9409
2474 11889
2503 2498
10135 992
1139 18322
5388 3264
267 5332
1406 1404
11450 6860
25412 21819
3762 12672
3917 3915
5883 210
318 315
11861 15735
6857 16402
7237 7238
7510 9053
25547 25548
5274 1270
6602 19680
12753 14717
8766 18929
6671 6453
15713 610
7171 18110
9102 4770
22057 22056
3757 2892
10217 20901
9854 15894
24721 24809
17743 1212
4341 4340
26806 87
22949 21819
5856 6132
16636 22290
5116 9742
21598 23060
3920 2253
1228 15128
11455 7230
27031 11172
21058 20342
16538 16655
3847 3845
8299 8300
7785 1434
71 4076
6091 6995
6873 20802
20768 21448
5388 9238
7424 8487
16692 16691
8439 6775
7199 7093
6136 6135
5322 3407
9246 16145
11241 11155
6759 6757
2706 9632
11051 2363
600 3908
17688 23223
2300 2299
4581 4577
9080 8878
22115 20451
1389 15853
125 124
2406 2402
5907 3400
27872 27871
17079 7021
22961 22313
1981 1620
5405 5404
16695 9246
4670 4662
7118 7117
23537 23533
4670 3844
771 770
4995 1197
2355 10061
6734 7356
956 4724
317 307
6268 4853
10700 16792
316 311
24114 24749
8576 7264
319 316
23799 13
16877 2618
2434 2598
309 308
24004 11493
19587 20056
7291 18133
94 90
290 28029
6747 7833
3118 382
9083 5617
18582 11273
6650 5914
1938 1505
21065 20855
5408 5405
19017 19014
20457 20447
8370 27817
992 8945
16695 16146
19702 20056
23437 23436
2737 16612
21278 20855
16802 28057
11780 11637
21556 16110
2406 1731
16810 16806
777 776
3917 600
6468 2244
21300 24936
6027 6702
6606 5332
209 211
3058 5942
21407 18094
3909 601
6747 8196
2502 2499
11354 925
2505 2504
3905 603
11265 11433
27001 18582
20699 20343
15739 8773
7785 7784
15275 681
15589 11165
5938 6872
1491 8359
13994 13012
20069 20068
11250 1110
10695 16807
123 120
17084 11258
7345 17698
5943 5940
6994 8315
23440 23437
1152 12047
14746 18245
23443 23442
4285 4284
27374 27737
13023 11468
723 795
1451 2022
17380 25256
4365 1503
11652 13023
24757 24655
21818 25117
16983 20372
2253 3060
22961 21079
24275 24130
4362 4359
3844 4662
7398 9199
10226 7445
6311 6312
315 303
23516 17810
12282 12530
12094 19649
17163 17162
7975 17060
12954 3245
308 300
15837 13993
20761 17275
3246 4568
5142 6806
20023 3053
4479 4476
3918 3914
9420 6944
7510 7511
20510 21076
11449 7954
2304 2301
8487 16538
7464 6762
2297 2298
21858 25064
21357 21069
20734 21881
5409 5406
28077 7403
17382 25291
3647 7076
1978 1619
5173 3594
4080 1747
2997 4227
776 768
19020 19017
16670 8732
3707 6080
517 2234
9302 9301
214 210
18412 8517
27943 27940
318 304
9402 17052
25232 27512
7289 9403
7264 15991
21514 22463
15837 1416
18322 20493
6839 7073
21069 23015
2503 2500
4500 6776
5843 10491
21674 1928
961 4210
22331 20362
8553 7735
1471 4689
318 317
15254 6851
4209 4210
5062 12528
5793 2389
4805 299
3920 3060
5944 5941
21031 16357
956 954
16483 11605
24812 24808
4286 4285
21234 26973
27300 11120
13994 13993
17912 9910
18660 18929
25506 19483
22422 20493
9355 23382
11060 20131
24721 24811
17961 15666
14750 15144
24905 16755
16636 22292
17099 17098
17479 21520
2997 16388
13236 15603
20058 7398
27163 27343
28058 16410
21051 25818
1938 1936
9992 6798
2995 11444
3459 3442
17714 7171
6344 6460
12549 27626
1180 5411
3001 3503
5516 1060
8629 16700
120 119
7167 16676
20894 20892
6986 8384
15246 19767
21662 22686
11681 6181
15903 11177
9562 9563
24164 23162
1278 12577
21212 22342
27113 27296
22282 6980
7721 16538
3566 16507
26812 22645
5062 12328
312 302
20901 22342
8629 7264
3918 599
17699 17698
21858 21857
17479 21078
23537 23535
16266 16655
16381 16376
16122 16381
2696 26571
316 313
28008 16376
16433 21383
15936 20348
20538 21593
319 318
24062 11729
15909 28058
8360 1491
17326 27787
19587 20058
7702 28057
6178 6214
94 92
17369 7862
21217 17572
25507 25412
9823 9822
6776 8536
8553 6851
448 445
5408 5407
19017 19016
16410 28057
3277 12687
3566 8360
3653 18865
19702 20058
4134 18909
490 11180
3 6632
8771 10083
18000 10711
9260 4878
7275 6769
16480 17162
2737 2735
17669 20447
27942 27941
3917 602
6770 23751
12757 3404
18646 4857
10226 10225
10202 1237
6154 15790
3909 603
2502 2501
10303 2716
3905 605
686 222
6455 6454
20855 22844
8966 8965
3218 806
11531 18909
5322 1236
20058 20056
9501 3647
290 7991
433 163
7244 9768
11346 18082
24747 24114
7265 7383
10695 16809
123 122
67 11073
3876 20855
23440 23439
3406 7579
19570 19568
6857 7265
18594 27166
5033 15254
7385 7384
9096 15733
20379 8339
26824 20361
4805 730
7647 7505
7767 9822
18260 21520
3844 4664
5322 4403
17145 16171
6592 6593
12376 12948
16746 16876
17025 5674
315 305
9499 7118
26875 233
27081 27170
6137 6134
2604 5332
4479 4478
30 28
3918 3916
5433 17574
27995 9016
21069 20547
6773 6991
3370 1869
27409 20475
2301 2298
24124 13588
2304 2303
2941 1197
16402 7509
9146 6828
15909 15978
17479 20904
26806 11258
5995 16644
6169 5914
5406 5403
7275 17307
5409 5408
8715 16296
21051 25202
27114 15696
19628 1721
149 13962
21279 20370
8726 3064
5322 7102
776 770
19020 19019
16411 27987
17163 16480
775 774
27943 27942
23535 23530
28077 27942
318 306
10246 706
7867 18013
21051 22290
16850 8557
21830 21533
20364 20865
7646 1277
9125 6839
24398 26793
13244 14531
2503 2502
21778 9450
28010 28009
1832 4963
11072 11378
16992 8209
15993 1005
13012 14531
3797 2955
20067 20066
5322 2
19680 6596
5944 5943
17961 11346
24812 24810
4582 4578
21106 21084
20504 3717
1827 1828
11971 11652
17479 20354
11749 11724
11780 11828
8120 17630
610 12454
27716 23172
24755 19149
10318 2648
10249 11179
22292 25202
22474 22469
5962 6239
17479 18260
701 9724
370 3208
8827 21521
21108 21106
21022 21857
16737 8359
2404 14132
1372 1153
7839 7767
11461 11041
6794 3894
28008 16123
3316 3553
22700 21482
2289 13778
7167 16678
3566 3664
6967 17556
6229 3563
18427 18426
9095 8517
649 650
17714 16275
7796 18283
21311 22202
17799 17810
540 11445
7465 8091
20974 21533
71 3504
2921 26907
7693 7689
20768 25077
7991 28028
17487 2124
6265 6266
8726 7199
312 304
3918 601
844 6995
3269 21066
6000 7136
3913 3906
305 301
456 1894
1425 66
23389 1947
20337 18222
4725 4723
316 315
16433 21385
3598 717
8495 15910
7178 19014
7702 28059
91 89
12143 13437
3294 6843
7454 6760
5938 8715
3338 12282
9014 9012
15599 2355
18647 15422
21881 22987
777 767
15953 16853
456 7505
20024 971
7309 6786
22055 22056
17086 17082
3757 3756
3755 2892
448 447
8553 7792
7975 3614
16692 16145
26953 27271
433 849
15897 9754
1582 1581
1831 4271
17630 6979
21029 21027
15950 16410
161 19759
8487 15924
2792 4888
4996 72
12743 20504
9992 5674
83 5287
22854 21520
8037 3566
11780 11762
15837 12453
21994 21830
3909 605
24758 24750
22693 21279
9779 89
20524 22854
12890 12916
16901 5651
3455 11890
18133 5105
10662 2513
28058 8883
20342 21278
18093 4888
1747 18226
16622 3876
15954 9833
1730 1024
7385 7265
17863 16211
23533 358
7770 8833
4809 4810
27235 11411
15963 15961
7386 6857
25743 25737
7992 20667
15815 12047
3918 3905
3001 298
6134 1395
16693 9246
2495 1658
16390 9245
7864 16402
16878 16876
2522 2515
3566 10135
23517 23516
6760 7455
7042 8336
17730 16863
6137 3800
3566 6873
954 4724
6800 7527
16746 16878
315 307
4642 1613
16387 6853
19459 24936
6137 6136
21378 6890
13003 12001
11045 2011
602 3905
610 15100
6592 8113
2301 2300
23639 23640
3404 1869
24807 18723
8576 8370
7991 7451
3799 3795
5406 5405
957 955
10249 7530
7057 7058
20666 20667
16693 16146
26821 27194
925 370
1021 3047
6509 4156
17369 17368
15915 7635
1627 10670
3917 3908
3566 5142
7127 8406
3915 600
25407 25117
11053 11125
23535 23532
258 257
318 308
4664 3842
11381 16323
1799 52
9125 6841
26218 21279
2500 2499
8093 8091
6672 6671
13012 13244
21932 21933
2763 15906
22461 22691
1228 18262
2057 2050
9238 9239
21556 20491
7721 15924
12094 12916
24809 24807
6874 9528
4582 4580
974 975
4359 2064
20994 25009
3370 17765
24759 19149
20856 2858
27681 11166
2648 10317
20698 19655
4425 6151
6806 9370
901 2725
7284 7682
3269 22678
524 523
22474 22471
16925 16922
3914 3905
306 300
20442 22560
185 2225
7500 16059
20024 19603
21858 20438
4425 3828
17814 8803
15909 15901
20364 11794
27328 24647
28010 16602
849 4376
2762 2057
19347 11632
18510 24721
125 117
124 121
26871 27296
7264 7043
26801 405
240 1006
117 118
8396 9528
16388 2141
19568 19565
2442 3930
15837 11608
5076 15371
22969 26977
22057 21499
7386 7275
774 768
16353 9889
16205 15912
3273 19255
1267 8514
7043 8629
5053 21022
317 300
617 24913
316 304
24747 24655
20442 21647
319 309
21648 14511
20734 22987
7166 7164
309 301
20764 22829
312 306
12076 11679
4878 8724
356 19974
3913 3908
305 303
8126 8081
604 599
6792 20364
27681 21233
6422 3340
22204 22205
1250 2696
21674 26820
7178 19016
16756 20993
17479 11525
1627 6187
5403 5404
6027 3541
2068 416
777 769
11741 24655
4668 4662
23517 6806
485 6784
23536 23529
9889 7184
14338 14337
8503 4230
11300 11299
3912 599
1389 12034
1582 1583
4500 6956
1065 1064
3566 3345
25739 2919
6875 15958
2173 2172
11045 18778
7382 6835
10066 7840
27409 16828
2103 11498
19081 26215
1980 1979
7253 7364
21025 1554
20377 21224
26870 26349
27298 22366
25412 25505
24758 24752
841 2608
25057 25048
9779 91
10361 2402
24751 24749
23443 23435
5945 5942
11637 465
6762 10136
16469 8359
17768 12822
27113 26871
23537 358
4909 16643
18209 11481
24574 27681
24581 11361
27092 26933
16808 16806
451 450
8570 16058
21536 20967
3303 9670
63 341
8220 898
17992 21467
7118 8091
3876 6041
2696 5730
21272 21271
3598 20585
25743 25739
6005 6006
20488 20408
26778 26894
2957 4724
18982 3079
3918 3907
18073 3497
802 801
5322 1253
26744 7510
7867 9239
3653 18427
27125 7875
15821 5239
27114 19767
315 309
22264 5817
7769 19405
3907 3906
10200 7398
7770 21212
847 2735
8629 8370
24811 18723
604 3916
87 22645
26470 1477
20974 21832
4360 4359
3799 3797
6839 6837
3231 3232
3566 8406
4500 6769
4090 189
3170 13021
1863 857
4664 4662
3917 3910
20740 20739
3915 602
2404 7102
318 310
18129 9366
433 3000
646 4276
27953 7171
7403 27941
11762 4353
31 216
6003 1438
11084 991
1747 18028
3370 3404
849 848
7703 7642
17630 7854
20442 21139
5995 10366
3170 1020
9506 20683
95 93
15950 8883
16802 7702
6674 6453
3629 13319
2684 3197
13871 4201
1329 7729
26864 87
3762 3123
20774 25826
1287 10068
7129 20602
6470 6636
1925 26836
9524 2256
9398 1851
26871 27164
27374 26967
16884 7875
17966 17965
2522 15162
21278 21279
6187 10670
16992 992
490 756
433 222
863 1267
1117 5055
6165 5892
21830 20974
22471 22468
16695 16691
12094 12113
22474 22473
24755 24751
306 302
24811 13985
18510 13985
7421 11338
11827 12708
19260 2176
5156 13434
23389 23388
18723 13985
1775 608
3566 1561
11172 11171
124 123
4800 1613
26938 11258
3238 6310
19568 19567
15963 6811
7184 8863
4359 1503
357 2697
2064 1505
774 770
2761 652
3273 19257
20437 15936
3024 19950
23533 23530
316 306
27374 27343
319 311
309 303
11741 24752
7875 16193
312 308
12324 13998
2355 7144
20460 20619
7690 18133
7424 27288
19447 42
1981 1978
19055 19409
6761 16098
604 601
16877 2734
20460 15371
6759 7128
7703 17025
28009 16082
1228 1633
13887 15622
6429 24111
15652 5777
19208 3264
8158 8156
20855 22703
1831 2276
7704 22969
22331 1872
8883 16410
6762 9883
7128 7237
12453 11617
19628 4008
4745 2696
777 771
4169 15826
26520 4412
16636 21051
24394 24114
4668 4664
23536 23531
21556 9581
9823 8781
3912 601
26864 26974
1065 1066
2505 2499
6673 6670
2504 2503
22472 22469
23162 16271
4134 11681
10366 8363
17810 6806
2783 642
20593 20585
2474 13133
14760 24662
10246 2067
3742 1250
858 857
3 5941
24758 24754
8120 16750
18825 26907
1090 5566
5388 8120
18035 13690
26988 26986
2495 1528
19149 24752
23374 706
7054 3894
23443 23437
5945 5944
20364 20361
12743 3717
9506 16792
12276 15622
12635 11768
911 3177
692 1561
11525 2104
10395 26460
17606 7928
21888 20337
20054 11137
4361 4358
3318 6762
18380 5070
17381 17380
7118 8093
6154 10790
4635 4634
382 19950
71 3321
21649 20442
23497 23161
9238 5471
3918 3909
310 304
22693 20370
10252 7735
7719 6862
3051 3048
28029 28026
3911 3906
303 301
6772 6759
16092 17368
18195 25009
6214 52
552 1944
6769 16031
12380 11612
20024 20023
21524 21470
262 650
11125 11393
16856 16424
3969 3968
3339 5787
15850 1633
20764 22886
8164 26739
604 3918
16756 25009
13879 13746
15739 7171
3407 12199
7863 16130
5945 3058
20024 2064
27871 16203
542 2932
21155 6835
16402 17435
9246 16692
5996 7840
6842 7073
20346 20437
31 19574
16146 16691
6602 6603
24237 24330
19471 20173
10848 6523
20455 20572
230 1475
14287 6872
3917 3912
17662 18119
19080 27643
318 312
7774 26422
601 600
22282 27002
12756 12383
5839 6701
26978 25172
22887 7864
20491 21555
3757 2997
12376 12512
7868 7869
7231 8480
17444 15923
22925 20291
16266 15924
490 17778
17382 17381
22641 27069
26218 22693
26870 23373
17444 28058
27953 27952
16388 3876
3847 3842
3566 6798
6755 7975
5917 6876
7463 7244
13698 13306
12373 12577
7875 9403
9771 8901
8945 7627
1629 8881
7642 5674
22471 22470
27113 26820
16695 16693
18035 17959
24755 24753
5899 5896
1372 1267
600 3905
992 7627
1938 5556
12549 25648
26845 27126
11493 11494
15964 15962
4849 16295
11381 16127
13236 806
18133 9849
8370 7264
4359 1505
7335 9263
23518 23517
23537 23530
730 995
771 767
7128 6755
774 772
11656 11757
16122 16376
1947 1861
3846 3845
6874 6875
2818 9001
4425 4424
16347 7863
23533 23532
316 308
3048 3047
3908 3905
319 313
2355 18810
403 721
16402 17369
309 305
6759 7238
11741 24754
19697 19696
8192 7500
312 310
12336 13300
16388 16387
9414 27958
71 4799
1981 1980
290 28026
604 603
27787 3957
20666 202
490 11054
8783 9257
9875 22058
7064 10395
21674 26824
4434 16271
27895 15918
16376 16161
7867 5471
7597 7596
24905 20993
4647 20701
7424 6887
1980 1620
26806 26958
11875 11871
777 773
8192 16265
3894 7258
4668 4666
3916 601
4634 17096
23536 23533
5194 20173
6311 7101
13774 12956
21289 21482
8497 5880
3912 603
12528 12328
20519 20517
3104 6994
8064 2093
2785 2784
6673 6672
15128 1261
3338 12530
22472 22471
7398 19679
16923 16922
16114 16524
24183 24404
2792 9095
6191 6110
20699 3078
10160 11680
5566 3843
20094 460
6835 7380
5344 21406
19499 19498
18645 15422
3 5943
24758 24756
20069 20065
26365 7118
123 117
24655 24749
11533 11258
11449 233
19149 24754
1493 1491
19464 4615
23443 23439
4635 10221
7464 1256
18644 1843
20364 20363
3246 12954
17716 3968
26820 27296
284 1095
1829 1827
26949 2271
3501 3502
4361 4360
20524 21116
315 300
8827 20764
13185 12523
18654 24007
12164 12242
15691 16676
12822 21516
2289 4269
3918 3911
310 306
4428 4427
898 19172
1095 11378
2304 2298
3911 3908
717 20588
28029 28028
18133 7689
3566 692
27512 27509
16376 16082
25054 25238
25639 19741
15909 27987
5884 4794
23531 358
5409 5403
6776 9512
16538 16265
6862 130
19569 19566
25202 27509
12855 27304
5730 21710
19696 6051
133 134
19708 921
21278 16464
24756 24655
6857 17435
1577 225
775 769
318 301
681 2339
19487 1861
23534 23529
25232 27509
12492 3695
597 884
4738 522
9815 9001
14094 208
11476 24403
5105 9849
1063 1064
19349 62
3043 3939
21185 22406
1406 1403
26835 24102
605 600
3917 3914
11117 11116
3048 1021
1093 1586
8230 21271
318 314
3566 8531
10319 10318
2253 3904
456 18412
1947 4386
28009 16381
3455 12864
4642 3271
11861 10486
7463 6762
17700 20978
6162 6161
5962 623
1908 5828
6132 5235
23441 23435
6554 12283
8766 18928
10703 23382
7015 7016
28076 7403
24811 24809
5134 1639
3 279
18318 7148
11117 11358
22057 22055
24721 24808
7986 2578
20946 21440
4008 19627
6806 7148
21270 21271
18926 18910
17080 7633
1531 15128
3272 230
2158 12782
7769 1947
6129 2146
17718 17719
800 801
24394 24655
2762 2050
4171 4170
4210 11746
22346 21124
10249 10248
19197 19265
16388 2013
5884 5883
23364 19306
24752 24750
26942 26940
20066 20064
18645 18644
4953 7481
490 1110
6759 6756
9978 7102
21156 21155
20904 1686
77 6310
600 3907
1228 1261
17475 5142
26777 26994
21065 22693
17644 1164
21278 22693
1567 1565
22282 6977
1981 1619
3170 13535
20370 22703
3920 3904
7398 7399
23537 23532
1228 456
3051 14193
3915 3910
3876 22678
11774 11980
23530 23529
2090 7510
17714 16633
316 310
5388 8674
28026 28027
3908 3907
7340 15917
319 315
11320 4347
17086 26863
7171 16633
19759 160
1228 2792
27076 11145
309 307
11180 17778
17668 7253
6808 4163
692 18209
94 89
5105 7689
290 28028
12453 11608
6603 19680
9992 7642
27951 16633
16275 16633
20841 22422
3767 9
12722 13903
4266 15642
21592 21014
17698 17052
16695 16145
23437 23435
5516 1904
2890 4287
19208 235
2406 10361
19312 19311
1416 11608
6762 1256
4635 3323
1028 15138
789 75
777 775
3653 16997
3916 603
23536 23535
8192 17435
11476 24592
3058 5941
22558 21867
5730 26571
3909 600
16746 2618
8647 7627
15914 16051
3912 605
26820 27164
3201 513
16391 16390
1717 1225
16432 23103
1925 1928
18041 142
16693 16691
5914 10557
7722 10208
3653 1024
1987 1988
6675 6454
16406 16405
2873 13866
7472 6734
17368 7862
2707 9632
7464 9768
19826 19895
26744 17060
11721 13755
937 1090
20069 20067
21490 21487
10695 16806
123 119
13152 13153
23440 23436
447 445
1152 12046
8827 20524
8167 1001
8456 7291
23443 23441
19570 19565
7867 480
17667 8279
5674 8868
24252 24253
7334 7335
20855 25298
21217 5234
11707 13712
11827 11828
4169 5239
27626 27627
25737 2919
3742 26571
7403 27787
4357 1503
4642 4641
12059 11841
7690 5105
4842 6621
10170 10252
315 302
16059 15906
16802 15950
20702 21124
27398 26349
1979 1894
15733 3318
7427 19405
11391 15704
7125 26422
5900 5895
9270 19242
3918 3913
310 308
15739 12639
3566 8157
22206 22205
604 3909
12727 8570
2304 2300
3911 3910
15850 2792
26863 233
4361 2389
19312 18882
12808 11649
3246 1655
16163 16205
7646 1261
10225 2967
77 4284
24904 27632
5409 5405
9992 17025
1503 4358
10670 5340
1198 3493
19569 19568
3762 13707
20764 20904
24905 25009
11048 2896
16854 15951
775 771
17698 9402
965 19362
6770 20178
4666 4664
8840 4745
2706 2707
318 303
9951 7171
16056 8279
7702 16445
21279 22703
21206 21407
23534 23531
18722 14074
2111 21516
5028 2838
19587 7399
7399 20056
3876 3269
3910 601
11650 13675
313 309
2503 2499
1198 17735
21027 22051
7986 1278
35 4236
10305 1633
8603 8602
1406 1405
2245 9559
1851 1001
21278 3876
605 602
3917 3916
25533 25493
12099 12639
5883 211
2068 706
189 2609
3903 7135
3455 15081
19702 7399
8517 2792
19469 19471
3972 3973
10186 7697
16738 7279
16664 5078
25064 15458
5944 5940
23441 23437
16482 119
3876 16464
11930 12924
4286 4284
15978 16801
21234 26972
18660 18928
113 4061
20510 11076
24903 3876
3046 10200
10383 3407
8410 17955
15901 16702
20024 1505
5509 885
230 1613
7199 8128
27849 16114
16828 20475
20470 20466
3598 17479
6055 4707
24062 24063
6239 623
20764 20354
3118 6181
1082 16997
20622 20944
6169 6650
21885 19977
1180 3653
24759 24755
5388 9239
25671 25574
20764 18260
4055 18226
7042 17017
6789 16837
5388 17052
23517 18318
3796 2955
11749 12084
11164 11165
120 118
6759 6758
9245 3318
16925 16112
833 1451
8576 15991
17444 16411
4581 4578
765 3158
1527 1266
8164 5322
23374 2067
319 304
585 18890
312 301
16853 9833
25737 25739
16992 8945
1228 10136
7264 27817
15950 15923
23537 23534
67 884
1228 4888
3915 3912
24809 13985
3997 4476
5592 9001
316 312
20538 21592
319 317
599 600
6621 3400
79 76
676 66
19759 162
15950 28058
11300 11052
967 19197
19587 20057
7839 8140
21124 18390
94 91
935 936
2941 4995
25574 25465
6268 6372
2841 2842
907 608
20622 20623
456 1904
5938 16296
3876 22693
2355 11472
26864 22645
8153 6879
1236 2
7171 25737
6762 9768
19017 19015
4800 3271
11780 11638
10849 6524
19097 18836
16878 2618
16853 16854
17713 17712
3916 605
4434 23162
4220 1770
3058 5943
11650 11649
1843 4857
11220 5420
26926 22718
4165 27094
6178 52
22232 22234
6455 6453
5388 9402
19260 13070
16811 16806
10695 16808
23440 23438
11780 12122
19570 19567
21490 20442
7702 3118
6296 6702
7385 7383
5033 6851
11341 19026
13994 14531
10066 5996
8553 7697
12720 12986
10253 10252
13698 15822
3855 1496
3906 3905
15850 4888
6137 6133
9739 16605
15836 14789
1731 10361
4479 4477
3207 11259
3918 3915
14776 12328
9583 6643
2301 2297
604 3911
4076 4474
2304 2302
27844 7799
20749 22756
28058 15901
20891 20890
23033 22595
3207 11609
7101 6940
77 5333
22115 20749
25444 19506
3201 2180
12417 12143
15901 15978
27895 18768
3745 6710
5409 5407
11279 11048
9016 9807
7196 3686
16388 19708
25395 19506
8342 28027
5134 6636
1978 1620
1706 1161
6602 6596
10486 15734
24271 18723
3917 3905
7284 8350
9469 8476
775 773
2005 676
214 211
27943 27941
10700 9506
318 305
7702 16447
18647 4857
7738 7739
23534 23533
1938 2608
20841 20493
3049 3048
7646 10136
6772 7128
3043 18280
9815 2818
3910 603
313 311
11346 15666
2503 2501
3024 3930
967 19265
24979 25202
15924 16059
22232 23094
605 604
10828 17662
3209 19107
17080 16952
1468 1467
2595 225
25639 24430
25348 25944
8967 8965
9512 8536
8091 7116
6169 6168
2921 18825
2797 19055
4762 3340
267 11054
20067 20065
24748 24114
2312 3441
7289 16412
28029 8342
24758 11741
23441 23439
4582 4577
8294 9259
27874 9636
6787 7799
24759 24394
1861 27304
9883 9768
20761 17076
11341 15685
11762 13234
11794 22046
24905 16756
18414 6981
21648 21487
9849 1903
20489 27126
22474 22468
20058 7399
16924 16923
2959 3
24747 19149
24425 12453
8827 21520
21208 1270
6937 5972
2302 2298
8649 7635
27032 27211
24759 24757
20437 20348
7447 16839
27510 27509
8198 23389
9147 6828
124 118
20765 21116
8487 7721
23444 23440
20841 21111
16092 7509
17799 23515
74 418
19567 19566
3170 12708
4581 4580
7796 18282
27398 23373
4362 1503
24754 24655
28059 16410
16163 15912
20760 21014
7991 28027
447 4019
8487 8192
17810 18318
316 301
3522 21124
3896 397
319 306
7647 1277
312 303
733 1528
6932 4715
14667 14668
10711 18001
3041 3939
4577 916
23537 23536
5365 208
382 3930
1404 1403
6792 20361
6886 27873
6290 6150
20764 22947
3915 3914
3385 2702
11115 11116
21448 25077
16850 2074
2074 16137
2761 2057
2632 1381
316 314
22531 21742
11721 12094
16433 21384
1577 1452
6802 9277
7069 2976
6905 16114
11052 26349
11259 11632
4169 15821
8963 8965
18110 25739
3919 599
21206 18094
7171 25739
448 446
3752 6794
211 210
8500 3663
5322 3318
21830 21829
610 12495
10383 2404
2504 2498
6761 9932
2737 2736
5884 210
1775 524
5420 11366
4169 4170
24758 24749
3246 4424
10066 10065
18093 15733
4993 2230
8198 6879
26974 26938
5901 6054
11445 4025
16811 16808
13994 13244
7785 5922
8391 17975
8838 9804
6061 10557
290 8342
19570 19569
11374 27126
4953 17447
27941 27787
1443 9718
5579 15694
798 154
7581 21031
18708 4988
16878 16875
19081 21448
11724 12084
19080 26215
16082 16123
11925 13242
20107 17801
10383 7102
2255 76
403 4031
1653 18172
6137 6135
18646 18645
5900 5899
11242 11155
6760 6757
3918 3917
11860 13419
2301 2299
11476 18906
604 3913
15733 1228
18380 18381
6790 7804
11476 24275
21049 22232
3291 9804
11632 18106
15954 16853
26806 17086
3799 3794
5406 5404
11476 24396
15942 7875
4309 4310
7136 3903
5322 10365
8544 16644
16693 16145
16696 9246
5388 5471
24344 24451
1831 111
3917 3907
3566 5141
1747 11488
4156 4152
3915 599
4312 3682
3914 603
318 307
9875 16979
7472 7356
8827 21025
19646 19647
28077 17326
21051 22291
9978 5322
20496 20497
3910 605
26218 21278
5843 1153
8307 20356
95 90
21448 19079
20904 22887
19148 1475
26926 12855
12399 5028
2208 9910
24810 18723
7549 5078
12380 12333
8649 16242
3298 8197
3742 5730
16737 16736
19018 19014
16171 16059
19021 19019
7500 15924
16696 16146
4834 17447
6835 15012
16802 16801
19313 19312
19149 11741
7345 8065
22757 20944
8724 9259
7427 1947
13070 2176
16951 7633
2450 2451
13690 9239
15211 1212
11258 17086
16098 16698
9095 18412
12495 12454
7770 20901
2428 3981
69 63
25079 147
15950 15901
1022 102
2302 2300
1462 374
22292 22291
11023 1475
696 1329
124 120
10225 13280
7250 728
4709 22366
23444 23442
26812 233
19354 19339
25054 25057
16979 22058
15691 7167
8402 8524
17381 25256
6734 27872
8883 15923
20576 11137
17673 17672
10163 7275
19558 25117
27943 3957
6991 8438
6980 27002
9245 1228
7991 28029
6806 7867
3845 3844
11045 11046
316 303
17667 16056
319 308
9978 10383
309 300
11741 24749
1408 1403
312 305
20024 3053
971 19603
24398 26836
16602 16082
11455 23116
4635 15906
11450 7954
4181 652
6792 20363
2305 2301
15848 17313
5592 2818
592 709
7690 9849
5748 4233
17673 9404
15909 17444
5410 5406
6835 15872
1471 1472
16470 8557
1979 1619
883 4685
230 4800
6875 9528
777 768
15953 16854
9 2882
1228 8517
7642 17025
5531 13401
1163 1477
3919 601
11003 15734
2621 1732
6187 5340
6789 5674
7275 16679
7738 16440
25394 21687
11650 12808
17444 27987
26974 26806
18842 18843
15950 16411
2504 2500
1407 1406
11837 2956
8576 7043
2389 1503
24372 5612
1980 1978
5884 212
1829 18024
11493 24242
20489 11076
25412 25504
1409 4340
24758 24751
19223 2067
17479 22854
19149 24749
21009 20389
8497 11486
913 911
5945 5941
3794 2955
16538 8192
2208 17912
20642 17828
3053 971
6979 7854
25507 19483
11930 13225
16923 16112
2068 2067
25588 3341
11367 5420
5856 6542
451 449
7510 17060
3923 746
16811 16810
20699 20698
9330 9329
11346 7697
10828 6539
4878 8294
21272 21270
7840 2827
16409 28026
746 747
1453 2595
13766 24578
18314 7867
24748 24655
540 4025
3318 9095
3918 3906
310 301
16878 16877
4853 6372
11048 11278
28028 28027
6776 16031
28059 8883
24398 756
576 578
22693 22703
12373 15097
26871 1928
121 119
11449 11450
18280 4031
6760 6759
23373 27013
18262 456
11481 9187
17810 23515
6828 9145
19173 8220
604 3915
12495 15100
21049 22234
7954 6860
13414 12108
7258 3895
2941 5980
4360 4358
420 1475
3799 3796
16402 7862
7690 7689
22887 22666
313 302
18202 418
7465 7463
3917 3909
3566 5143
8482 18104
3914 605
28009 16376
17479 20331
11084 990
15909 16802
6959 6958
6452 15529
8393 4412
23799 4745
2013 921
8093 8092
3566 8647
9125 10225
8487 27873
95 92
25743 15739
2919 18110
1465 1466
27787 27940
16206 16163
1228 7646
27904 7291
1269 1527
19603 1505
6991 6775
21278 21494
19018 19016
6501 6093
4801 3272
2013 16210
26520 26519
1730 6207
2797 19409
20702 20701
135 406
24271 24809
3566 6795
5142 9055
9414 16612
17992 21629
24759 24748
5322 21710
20489 11144
4425 6152
24755 24750
18851 18744
16265 16059
5942 5940
1491 2124
18260 22854
24810 24807
7064 26460
16161 16123
1253 4403
21049 23094
21278 24903
124 122
15951 9833
20855 21279
4236 456
7386 7384
10163 7385
5322 2825
21278 16622
16410 15901
1471 19649
18768 15918
27325 1924
525 523
3915 3905
25034 16082
230 3271
316 305
9670 21115
21521 21116
319 310
3053 19603
19148 230
309 302
11741 24751
235 87
1408 1405
24812 24721
312 307
12501 13364
9096 1228
26958 11269
24903 16622
2305 2303
1372 8514
2074 8557
2103 11244
20323 20734
723 1460
10186 4241
14511 21487
4425 2448
89 90
2640 10365
19895 27090
5410 5408
2578 5471
16756 20994
12076 11922
4745 3742
3796 3795
8579 7101
777 770
24757 24394
4635 17318
4668 4663
25024 831
23536 23530
3919 603
16470 17082
908 435
6787 6798
3912 600
62 19339
26953 27274
17992 21442
12766 13365
27153 27076
20102 17193
1065 15523
2504 2502
22472 22468
21278 13857
16746 2734
24684 24683
14007 24653
25662 25533
5322 1228
12453 15012
3318 18412
5884 214
92 91
1527 1180
15458 13857
8495 6827
20447 20466
3 5940
21405 4405
3798 2955
21729 21727
2684 13292
19149 24751
122 118
23443 23436
5945 5943
1256 9883
4709 11335
28077 27787
5234 17572
16808 16807
8881 1628
4361 4357
4647 1947
12756 8731
11324 11323
24756 19149
16409 28028
25506 25504
2740 2741
7943 1237
3918 3908
310 303
6539 17662
7447 8388
303 300
21112 21111
25024 18711
24104 806
27511 27510
18679 26289
28010 16082
3043 4031
2906 20012
288 113
3581 8810
10200 7399
28009 16123
2478 15778
7707 13280
7445 13280
847 2736
11860 3853
12549 21862
7059 7057
5254 4745
13690 5471
7463 1256
14892 9742
7472 27871
9978 991
604 3917
886 597
3849 4666
19148 11023
17382 27621
4995 17703
3799 3798
19081 20768
3001 3000
313 304
17326 28076
20731 24936
16755 18195
8517 9311
7345 6875
7412 10083
6674 6670
20455 20571
3762 4266
3917 3911
22987 22202
20967 20194
7125 7774
7427 23388
23024 23023
12453 15872
17475 17474
18129 965
601 599
27186 27187
2090 3614
2608 5297
15909 16804
435 795
12282 5787
24394 19149
17661 18280
4774 125
95 94
26974 26863
16856 8397
4266 12672
24275 24274
5322 8517
20635 20636
3201 684
27190 20489
7416 5492
21658 20734
27114 15246
1023 3459
19187 1528
4665 4662
1832 4271
15942 15947
17382 17380
692 11172
16617 17025
17444 28057
27953 27951
11315 11316
27325 11120
16381 28008
8553 4241
8037 5142
24271 24811
6027 6296
1582 2002
20460 5076
8883 15901
10253 7735
24759 24750
3291 15085
20373 20356
5999 8341
5944 3
16695 16692
24755 24752
1775 15993
25054 25048
4227 921
13546 18216
23095 22232
9207 9208
18262 7505
24747 24753
5928 3563
1748 18226
15850 10305
8094 6857
24810 24809
7386 7265
9820 21156
23534 358
9117 7184
13091 13098
25394 23288
12756 3430
20372 20373
15964 15961
12380 12713
15694 3534
16713 27834
26958 11137
3519 2389
18906 2443
3797 3794
9053 3614
26938 17086
26893 17609
27872 16203
11084 4993
6135 1395
16694 9246
1799 5453
8714 7073
16391 9245
23518 23516
23537 23529
20347 20437
7164 7165
5848 3058
9486 15402
3915 3907
307 302
24812 13985
18824 26819
2761 2050
316 307
319 312
6970 8504
8360 8359
7073 2967
4389 1733
20993 18195
21379 6890
6759 7237
11741 24753
1408 1407
1153 1154
2761 185
7231 7232
1981 1979
93 90
2068 9037
2959 3058
1278 5471
7510 3614
17052 8149
16670 8084
25549 25403
1502 16210
23799 3742
24808 18723
292 192
27643 19079
2943 2942
8158 8157
5995 8544
26801 26906
23023 3413
16694 16146
10483 7997
5933 203
7128 7238
2181 17787
16678 20524
13343 24662
7127 3566
4668 4665
3916 600
20780 20436
23536 23532
3919 605
24129 24275
8487 16266
19248 691
6835 12964
16878 2734
214 5883
13699 13306
4236 1894
6673 6671
861 446
22472 22470
2428 1462
1844 1411
1198 18040
6786 7716
4410 18612
6193 3940
3662 962
64 4195
19499 19497
3 5942
22290 22291
2241 939
26988 26987
7697 18082
19149 24753
122 120
9402 8149
23443 23438
288 4061
7244 9883
11533 17084
2005 66
17479 20764
8579 6311
5322 2640
841 5297
27002 6977
9858 9489
4361 4359
11544 10160
21649 21490
19469 20018
11995 13479
20699 19655
27271 27288
8037 3345
19576 19326
20602 6890
9146 9145
7415 3298
17987 17504
420 11023
20731 21300
3899 3897
907 524
3918 3910
310 305
12069 14569
87 233
7834 7833
604 3906
2304 2297
16092 17369
1833 1894
3207 11604
20519 21013
24684 24243
15950 27987
8219 15938
20436 20426
14210 2355
16242 7635
8487 16655
22170 26049
7071 2976
19569 19565
20764 22887
27164 27296
18985 4201
21307 21823
20855 3269
435 434
6527 2741
15692 15691
775 768
7017 6769
16206 15912
3849 4668
318 300
6837 6838
16863 18104
25034 16381
3052 3048
21649 14511
20761 22185
4041 3562
880 2632
7690 7693
6621 5907
20701 21124
313 306
9486 6960
24344 24686
11209 18810
1406 1402
6674 6672
605 599
3917 3913
2517 17828
8245 5592
8230 21270
10319 10317
8517 15850
4360 2389
22559 22558
7284 16292
6902 7596
513 838
20426 20343
7721 16266
24811 24808
13690 480
6798 5674
23518 6806
23326 10248
16347 8643
5011 22334
4665 4664
3913 599
26967 27737
4434 24164
2344 4384
17444 28059
6794 7258
6797 15894
1730 1192
9147 9146
17822 5236
4642 4801
4745 1250
23162 3737
4171 4169
15947 17582
24759 24752
7345 17052
2067 706
2997 19070
6000 1627
26739 10365
24752 24749
16695 16694
23444 23435
5885 4794
24755 24754
7345 5388
1732 4284
639 2895
23095 22234
6759 6755
1531 1261
24747 24755
692 691
3894 26468
26820 1928
12924 12923
21732 22603
5322 4923
9978 2792
23267 9815
5254 3742
16811 10695
3848 3842
1925 24398
319 301
5962 2516
21278 15458
12780 11602
3797 3796
9951 11182
1790 13098
26864 26938
4580 916
1531 456
7721 16655
6797 9854
9239 480
3915 3909
307 304
7767 8140
24642 11361
202 20667
8198 1947
316 309
634 1867
20372 16187
25533 25532
3908 3906
300 301
6110 5891
319 314
18890 1925
28010 16381
8120 7854
20855 22693
2604 267
730 299
5901 5902
4163 15917
8091 8092
18510 24271
13675 11649
16412 16193
93 92
8220 15790
7530 11179
20780 20425
4134 6181
17630 6852
772 767
284 24398
27941 3957
24905 20994
23517 7148
4647 20702
19611 5872
15790 10790
8901 16955
2736 2735
7703 8868
26835 24398
4668 4667
3916 602
1629 5420
21674 27296
3058 5940
1228 1060
11364 18836
4723 4724
4993 4319
5885 5883
1278 12373
24753 24750
2090 9053
789 2531
6675 6453
21299 17596
23095 23094
7345 9402
938 1607
2049 2047
4079 4514
8688 8687
20057 20056
87 26812
24808 24807
24114 24655
5902 8573
5322 12199
2517 19306
4208 20321
11411 1928
163 685
21029 21276
73 1923
4955 9409
5989 5990
25117 25454
17716 3969
18906 11118
4586 4587
16127 6843
17835 21862
41 3553
15422 1843
11612 11609
3707 6052
7444 8081
17479 21116
20023 19603
11965 15790
16696 16691
298 297
19582 649
17688 21640
1668 1671
1432 1431
310 307
4425 976
3566 8156
634 633
3662 3663
604 3908
2304 2299
27145 20361
839 513
27300 233
11861 3695
15293 1153
10136 6937
4477 3997
23389 19487
10849 19153
20519 21015
4227 16388
26864 17086
4801 1613
3566 18076
16538 16266
17699 17052
19569 19567
3171 3173
13017 13340
3800 1395
15964 6811
9412 6771
7185 8863
26438 7421
22867 12743
25394 24647
775 770
1619 1620
4666 4663
23534 23530
5322 15850
19587 7398
3052 3050
3912 3908
3910 600
3647 16176
313 308
7244 8517
16392 16390
8126 7444
526 4738
605 601
8192 8966
5914 6168
18322 20841
7464 7244
16145 16146
8230 21272
11413 11344
20891 20324
4642 3272
19021 19014
7703 16507
2176 20102
4434 3737
17597 25402
1082 8460
7510 10221
8091 7463
20967 21258
24394 24751
23441 23436
21217 2939
11930 13152
11930 12923
12453 12964
15978 16800
24811 24810
2941 5531
4669 4664
11875 5524
20867 2947
2353 2513
15704 13383
3913 601
27166 17066
28059 15923
7703 5674
8439 6991
24747 24394
8833 22342
6402 15138
13993 11608
22473 22469
8487 6887
4378 9187
20489 11258
723 1077
4842 3400
7646 1060
2792 991
28059 28058
20764 21521
5515 941
5322 5730
21107 21106
22079 19024
803 5880
17479 3559
14094 5365
24759 24754
14892 5116
12293 12291
20460 20477
24752 24751
23444 23437
73 823
1117 41
5946 5944
16412 9403
20066 20065
1001 95
20346 20348
1190 2017
120 117
27987 16410
6755 7510
4303 5579
24747 24757
17444 16410
20702 22346
1060 7505
1633 4923
4425 3246
18381 5070
20524 18260
17966 6777
12727 2208
17699 9402
3265 3264
21513 21514
6773 8439
1567 1566
3848 3844
15412 405
319 303
79 62
3752 6765
5322 26738
18679 2670
312 300
1531 10136
311 304
5791 5790
930 4779
314 309
18260 21116
67 883
304 301
27953 17714
10192 1568
3915 3911
307 306
20491 16110
17275 22185
11120 27672
601 3907
8120 8674
21515 17601
6789 7642
4428 9276
15950 28057
9315 26491
6239 2516
3647 8647
25300 17311
21674 27164
6874 8396
1991 1210
11052 11299
907 1775
4181 2057
5946 3058
490 11286
772 769
15897 10208
22206 20649
2057 113
20538 21015
4663 4662
18035 9239
21156 6835
455 19034
6314 6315
23531 23529
690 11172
652 2057
3800 6135
10849 6523
7289 7833
23025 15211
3078 18982
496 497
23025 23024
19521 5018
7597 6902
21648 21647
2220 642
11361 9559
602 600
12076 385
26777 26795
17810 7148
24757 24750
21379 21378
26739 2825
9014 3894
135 575
21229 1139
16693 16692
24753 24752
8827 17479
21888 18222
28008 16161
11220 11367
8966 8963
6132 4715
23438 23435
834 734
7232 8480
15081 11890
21278 22844
3921 4573
5787 12530
15909 15950
7289 8196
6513 6514
5907 6704
21818 25454
20438 21857
8576 27817
20457 17669
1627 7136
24160 1095
447 446
2484 1869
24592 24403
19570 19566
15962 15961
7244 1256
19483 25505
22645 22644
6806 17474
62 460
18010 18418
1775 1005
16877 16876
13622 4041
21051 27510
7722 9754
7646 15128
7073 13280
5388 7549
21385 21384
4641 1613
16696 16693
24756 24753
6425 2563
20070 20067
5900 5896
310 309
491 23510
5680 15692
604 3910
3572 1641
258 240
3303 21115
9055 3345
17661 4031
11155 11240
2941 2942
8342 28026
6771 27830
8602 3521
8839 7369
6509 4152
12453 14697
1980 1894
6794 6765
11780 11679
20408 20489
775 772
7766 16431
4666 4665
5388 16664
3914 600
19080 21448
4970 9772
23534 23532
17487 1491
3049 3047
3909 3905
3566 7703
3912 3910
2353 10662
2086 13287
11279 11289
20602 21378
12727 3686
1077 1460
313 310
12439 15822
14287 5938
51 4245
11832 11586
12479 11922
456 1261
3785 6205
605 603
11493 24171
17080 16951
8560 7149
6956 6776
2888 6862
270 734
21233 11166
19021 19016
20067 20064
6762 7849
17380 27621
11209 11472
16997 41
18170 3345
24394 24753
23441 23438
27621 25256
15978 16802
6794 7020
4785 17673
7719 130
4669 4666
5453 52
23161 18028
3913 603
6932 6782
4428 1197
2941 4378
13699 15822
23034 23033
22473 22471
7415 8363
16924 16922
22854 21116
8674 9906
11280 11486
19033 2356
6672 6454
8245 2818
2302 2297
19500 19498
18646 15422
24759 24756
8198 23388
413 220
124 117
96 284
11450 233
23444 23439
2013 11212
7004 9263
28029 16409
19695 381
18645 1843
12225 12014
17717 3968
7839 7886
19567 19565
4878 27955
5880 11486
24747 24759
7382 7381
16258 16256
26871 26824
6603 6596
16828 25161
16350 15966
7991 28026
316 300
3848 3846
319 305
23267 9001
3050 3048
21647 14511
2057 4061
221 413
212 4794
11713 11852
311 306
26988 9450
7905 8896
314 311
11461 4168
67 885
1404 1402
2305 2298
304 303
3915 3913
11128 24115
13675 12808
17668 7364
3566 992
21486 20578
11118 11534
15950 28059
11341 11054
5410 5403
9514 8128
11147 27403
19697 6051
9117 9889
1278 1276
1558 1559
9518 7200
16854 9833
23516 6806
772 771
7416 16386
2578 1278
6850 6849
4530 9504
1581 1583
139 2255
17076 4405
21593 21592
24379 5612
7054 7258
1407 1403
3049 1021
23161 1747
24748 19149
25743 7171
6851 3408
5884 209
22602 22694
839 838
11718 1726
7783 26773
1731 2402
27021 325
24757 24752
1210 192
11834 12639
11481 4378
21185 22009
24750 24749
96 97
11047 11441
9951 5617
8156 8157
12492 11003
8674 7854
17444 7702
23438 23437
22560 22939
24242 24171
5322 2404
690 691
6452 3123
16811 16807
27276 6980
1278 2820
2312 596
20994 20993
19349 20094
2355 4615
11076 7954
27987 8883
17444 8883
20683 16792
1389 3186
2428 1831
10136 3316
4172 4170
24574 26872
13571 15826
7738 17163
4578 916
18314 18013
21051 27512
6755 2090
23497 18028
18073 18072
16696 16695
24756 24755
18646 18644
20070 20069
6760 6756
22666 22947
7704 26977
604 3912
8360 7131
11476 24274
15692 9268
6636 9551
26469 1477
3238 77
21490 14511
290 16409
11279 11278
21674 26871
3798 3797
1833 4236
8342 28028
5995 8363
6772 7237
3917 3906
16602 16376
18412 6762
3916 3910
3914 602
7738 7740
6794 26365
17487 1493
5885 210
25493 25532
3909 3907
24152 25798
21674 27113
4642 230
313 312
8167 1851
95 89
8482 142
4878 9259
10361 5594
27952 16633
8967 8966
20977 20331
12964 15012
676 1424
12279 12923
15211 3413
19021 19018
16696 16145
962 963
3742 2696
8497 14800
16802 16800
24394 24755
19014 19015
23441 23440
5852 6583
19313 19311
26835 26793
7463 7117
5680 15144
11721 12753
5134 9686
16122 28008
4669 4668
2231 420
12108 11886
4647 21124
22559 21867
16875 2618
20649 22205
18789 24121
7017 16011
21729 22837
3913 605
17017 8336
16110 9581
21829 20974
15211 23024
21276 21027
16694 16691
11706 11704
7095 8653
18647 18645
3078 3079
21710 1253
2838 13943
24747 24748
27113 27164
23497 1747
4801 4800
18035 5471
16381 16123
3370 12757
2302 2299
16921 11378
22292 22290
16728 15938
24759 24758
11461 13714
20818 20455
124 119
11258 27126
2355 19020
23444 23441
4979 19745
18093 3318
11842 466
684 163
6734 27871
17799 23516
11713 11841
299 995
8602 6827
883 4429
9370 7867
6874 15958
629 348
17450 7948
316 302
15733 9095
319 307
4428 17898
8883 28057
1408 1402
6091 6544
311 308
22887 22947
314 313
5883 4794
6134 6133
22757 20622
6792 20362
2305 2300
26864 233
13830 11930
19313 18882
4375 15685
8341 7149
3294 11381
6606 1109
3957 27940
12964 15872
1577 1453
5410 5405
19019 19014
381 380
7581 7582
1287 6723
23374 10246
3203 5907
2244 6467
26519 4412
27163 27374
3919 600
5579 3534
4668 3842
3595 24568
3566 2404
15763 5028
9849 9409
3911 601
3758 130
28057 15923
18644 4857
9204 20490
689 2172
4312 19146
11442 11057
317 314
2504 2499
19033 13714
22172 22173
18711 831
1407 1405
