28085 6657
8881 1491
4140 21779
8570 25721
2691 3493
5142 10154
3058 6175
16228 16216
20567 20565
3246 4425
20913 20909
1632 26490
4375 9874
4275 4274
3894 9012
16383 20412
4762 4806
20924 20923
3566 1491
22020 6718
6533 6460
7510 17059
1550 1551
3563 4603
9330 9328
8007 7248
17951 15506
5134 6492
27230 6277
17959 7867
7171 9083
21914 11287
22190 21250
6784 17719
26903 405
2470 4274
20623 20944
20645 22689
4412 4413
26941 26940
16110 21555
21810 15673
6655 6291
21728 21727
6231 6229
3298 17500
20490 20428
17961 7697
5134 6855
4029 7627
18707 805
4970 28072
2952 20017
25391 25389
25215 22948
16847 1903
8896 2417
21049 22233
2366 2365
6959 18837
3940 6013
20730 25900
26650 6775
519 2234
7117 7116
8023 18707
8307 18237
4360 4357
191 190
7690 7688
16847 1795
16311 16310
253 250
9363 7114
6116 4454
51 4236
24059 24512
6344 6533
5834 540
26843 11088
7244 7463
3345 5143
12687 6880
20308 22477
21700 16514
6827 9511
5840 735
7721 15911
15909 16801
20568 20566
2074 7804
691 489
603 605
20927 20913
21899 20817
5862 5863
21632 22688
2037 5707
26936 23222
20920 20910
95 91
6536 6487
20923 20915
2355 19464
16137 5674
16110 22052
27834 10163
4140 25217
20375 22894
267 11286
21598 22114
20927 20926
2067 8272
3323 9130
22853 17085
26790 11066
15451 7719
119 9321
4097 4094
13657 20017
19080 20768
4082 6149
7427 7425
18851 18730
15599 13740
8562 6007
20994 25238
1731 4566
1314 16292
18222 1903
3345 6795
7719 7718
16402 15232
25216 25215
26650 8440
3074 3070
17729 17727
10192 11105
6038 16143
7642 5670
6855 7505
6228 4603
11145 11144
20926 20916
7308 7716
26379 6755
5687 3498
22238 20888
17911 6979
16127 7722
2272 9333
6902 5981
27300 26992
16447 3876
19260 24216
21001 20393
2668 9683
55 250
13714 4857
9028 9031
7803 87
6529 6530
25859 21779
8402 8525
1840 1839
6487 6533
8009 16407
7424 6857
4974 4972
3385 17968
20332 22526
24979 25005
22368 13632
20860 21598
7135 1627
4230 15966
4426 6981
6150 5958
9556 5901
26349 14193
7426 6879
1507 1504
2367 2362
21499 22056
2370 2367
1048 2387
16440 7740
192 187
17299 17300
8406 18284
6400 3342
1565 1566
20447 20331
1516 2613
3245 8121
4633 17729
16844 16841
11316 3767
2404 42
15948 15922
3010 3006
16402 16092
1024 6207
23172 27682
5531 19000
652 185
6875 16295
22647 21381
6661 6658
1632 1633
3101 3767
23021 23019
693 18912
25414 23323
2997 2892
3298 6038
916 3119
16826 7415
20994 24943
19144 19145
24961 19032
20924 20912
5322 10087
4778 4776
8107 3038
13975 14231
20917 20909
6170 6168
21714 21189
6232 6228
20913 20911
10949 7985
2563 2384
5173 1225
6800 17302
22021 22019
1619 4272
16223 7364
20760 12186
19540 405
18775 19032
23938 26760
20860 21169
8178 8179
11207 21233
6023 3731
3566 1493
21278 25065
27849 16524
3295 1902
5726 10082
623 6239
1493 7556
18260 11015
17448 7690
21334 21331
20694 22691
11989 13109
7144 7905
6437 1627
3894 5765
17672 3382
6097 6174
7041 16825
7425 27782
26938 26937
6887 16092
992 10135
26941 26942
6659 6291
16678 8307
7672 10397
4474 4475
26493 23325
7634 11862
20882 21062
7906 7854
26958 235
19142 11460
25079 12580
20960 8042
26920 2279
6784 701
2384 6730
18510 18723
1554 1550
8553 6776
540 2174
4275 1619
4363 1503
5882 3229
16048 25415
4364 4357
17997 18323
6287 6661
1645 96
9260 8294
2241 4816
18486 18487
19197 6979
1118 4487
6287 4567
253 252
1656 12649
7867 18354
17053 16131
6344 6535
3876 16445
18553 18554
11259 18106
455 13834
1561 5070
21729 16988
15965 3378
9804 1237
25009 20993
1028 1308
20927 20915
22723 26184
2893 2890
25323 7984
20923 20917
6453 6454
37 7672
5916 6222
21108 21084
22100 22098
12727 7196
212 210
8512 8511
19103 12379
540 1732
8731 12756
3007 3005
2342 23260
18244 8484
26937 27037
3836 2069
27074 27042
16294 16748
10406 3102
16223 7419
16645 992
20321 22259
3559 20864
803 18707
3074 3072
20511 22504
9506 22443
22761 22759
6404 6403
1478 1476
28072 17038
11164 15589
447 2722
20926 20918
2355 24380
1660 25575
3150 3151
17313 15922
6181 6223
21466 21276
22529 22759
7848 7847
4281 4280
1253 1250
17656 6876
3246 6013
8724 8686
3742 18231
21049 23095
3246 24214
3498 3497
10001 8785
189 188
18654 24529
8487 27782
1747 566
16137 5355
17732 17730
3742 5412
5091 1479
7530 6854
1632 3366
5933 13839
4933 23258
25254 25067
20880 22454
3238 3519
25238 22844
20861 21946
37 10397
20491 9581
78 1767
7118 6765
7426 6881
4893 8260
7510 10258
3940 6191
7702 16615
9887 9571
17245 16127
1507 1506
2367 2364
992 4029
2370 2369
7585 7584
26463 7248
6956 6824
6887 17341
9772 12186
192 189
12893 6776
11196 2011
2997 6853
25232 24998
2967 8896
21249 21250
22596 22492
10205 10203
8512 3894
16844 16843
4095 4092
1442 185
7115 7877
8785 9772
542 544
20570 20561
23018 23016
6661 6660
5053 21858
11457 21276
11780 14318
7463 9499
4140 16643
21662 21661
16470 16615
26904 10471
779 2069
3566 8945
20530 21778
20924 20914
4220 4221
25325 25323
20917 20911
3104 23557
35 1278
16228 16220
2513 18659
4282 4281
21729 21728
7206 10408
6232 6230
15894 16051
12574 5036
22762 20299
1619 4274
449 450
6524 6523
77 4025
20384 21471
9402 5115
7676 9512
9389 27053
7428 7424
5672 6014
22688 22686
18740 4932
71 3658
21278 25067
7428 1947
16392 9245
1493 18054
2104 21591
17733 17731
17804 3382
4583 206
27782 7023
21334 21333
844 733
25506 25505
5653 6014
24154 2951
16986 6843
6253 1054
19223 10246
684 222
3894 9150
3542 5958
1443 1442
847 859
7799 1314
8713 6838
2068 10246
4566 6402
4098 4082
21466 21465
7646 6855
24114 24210
23024 3413
9570 9569
1554 1552
20552 9875
17668 15935
11845 12032
4364 4359
6093 1694
16986 7206
35 5158
6828 16143
343 63
5290 1491
1671 1669
11875 12032
25597 3890
22191 22148
25645 25515
6344 6537
11440 11057
2271 11234
6655 6658
7906 7172
7697 15666
11596 9126
78 1835
6437 6435
6662 4567
7427 23389
21395 5854
24574 11268
9271 7421
6905 16524
5749 4233
20927 20917
6798 3566
1619 1980
10781 2618
20911 20909
18666 7708
2893 2892
7863 16614
5750 5747
4487 2698
6840 6838
3011 3005
3291 9475
3840 2069
15980 9114
735 4454
4140 5973
2741 6527
3668 4702
4955 17153
4970 2909
18679 17688
9748 8840
5388 9572
7144 19384
20393 2916
456 9095
6860 269
20914 20910
17222 9269
3263 7110
7991 6545
11155 11156
8360 16736
16171 16656
4633 8484
7140 1491
20926 20920
23095 22233
11076 21076
4704 17705
6425 2384
1832 1831
925 632
9095 4888
3246 24216
26937 233
26936 11120
8819 16509
7395 8375
1903 7790
11201 8023
18009 5316
3279 3280
1982 206
4694 4693
21331 21332
11875 11845
2245 2242
5340 5033
6470 9687
20323 22939
26379 10276
27276 27002
21846 16678
2330 1010
9776 6696
5134 9021
18890 1924
7320 7275
20726 20821
4933 23260
11762 13257
7906 9321
2372 2360
3595 12426
8360 17341
93 91
701 6592
22689 21662
4567 6291
2353 19464
6536 6533
2367 2366
3230 3229
12095 11982
7365 6765
192 191
17965 6777
3876 25254
6344 6484
7691 7689
11257 24883
4095 4094
3566 6719
6045 6043
6344 6605
21311 23042
14787 5277
20447 20456
262 263
8384 6986
20570 20563
3633 3632
1076 5849
15353 17702
3072 3070
5672 5653
6874 7709
5938 6038
11364 18835
18231 4923
8536 11177
4353 19907
6177 3058
3921 2234
20924 20916
546 557
5878 5879
5917 7268
4281 1759
7419 7364
3553 1020
17804 5236
12368 21027
28073 28072
4849 6875
9737 16650
20917 20913
12081 23185
22712 2279
6502 6093
6302 3295
455 10884
20491 8094
4567 5849
21562 22492
4474 962
5027 357
16678 21009
5842 5939
7428 7426
18013 7867
5508 23032
9849 8731
4348 17711
11405 9558
4844 22759
4225 5977
17754 409
6731 6158
7166 7547
2334 17854
22762 22529
22156 22948
21728 7720
3854 1496
27180 11306
9738 16605
8883 17259
20117 23936
15371 21222
6089 517
6347 5013
24662 13343
406 135
1505 1504
3018 1237
6950 6888
9499 9920
15966 16268
4311 4313
3876 25067
11476 19142
16001 7860
8881 8531
8571 9766
20967 20184
22101 22099
20577 7426
12427 12426
5847 4151
6597 6598
3008 3006
490 11338
6659 6658
9978 6713
20396 22704
3731 10167
5479 1365
25013 25011
11104 17297
21014 20538
1372 5660
7380 6835
22208 21915
24445 24446
1314 7412
16845 6922
16447 16446
20915 20909
25576 23323
11861 4528
11258 8436
20927 20919
23253 18244
6254 6622
25360 25361
6660 5849
1073 8
20855 25217
269 11059
20764 21386
19364 2090
6842 8714
16986 16323
9687 16992
20994 25231
859 429
5750 5749
11329 18825
5995 17594
9417 16350
5388 1869
19460 4134
3011 3007
7073 2352
17487 5355
7296 16101
15694 22759
20926 20909
551 555
6013 6630
4474 19218
2648 5412
16777 16347
2064 4866
7767 7886
26349 17085
9772 27787
6569 6215
20914 20912
5460 7999
6776 7676
1065 19098
20926 20922
67 6346
6828 6038
26845 11371
20524 21521
1552 1550
4361 1503
17031 3344
24979 24998
11104 17097
8780 7767
21002 21001
3604 7684
6773 8438
16313 16310
71 695
11268 16939
8985 7647
6784 9499
4698 4693
12043 6880
21222 9148
25507 25504
6377 18422
292 290
6857 6981
8785 4970
2245 2244
77 3519
9506 20945
1561 4995
18184 17040
10408 16323
9737 9739
6762 3566
11207 11051
16805 16233
4811 4812
7320 18244
17055 17054
9402 6837
21780 4140
17808 19506
16257 16256
6536 6535
990 991
8084 17300
1645 27229
7642 5355
3012 3008
6344 6486
10700 21813
255 249
12709 16987
17038 9772
5820 4988
16841 16842
4878 6986
4694 978
17466 22492
27401 11268
12296 9126
21051 22703
3387 5672
23025 23023
20567 20560
5870 5869
9275 7425
16678 16676
20570 20565
11179 15903
4567 6656
6719 2404
8202 8674
11364 18837
7073 6837
1024 2951
4279 1759
6176 6097
455 2242
5388 5078
25251 23042
18679 27194
7466 9922
20924 20918
546 559
4389 3738
23325 23557
3470 3468
21560 1359
20917 20915
26899 27743
6841 6837
1628 1237
456 6937
9475 8021
3 6174
1795 27014
1732 3280
23042 25834
22171 25312
1794 27018
24571 24572
22052 16464
16140 8877
1020 41
4933 18740
6487 6460
19483 25504
3566 17822
3318 4888
6007 6008
19103 24465
3839 3836
6287 6291
16992 7817
3291 5465
4973 4970
2105 4787
17109 21813
15924 16957
17478 8878
21555 20855
4857 6192
22762 22760
5594 1237
20868 20864
21044 7992
20587 20585
9577 17965
5854 6008
19463 18634
6460 6461
22292 22703
20879 20878
6875 8396
20117 23938
2366 2360
2365 2364
8896 10225
17577 10267
23020 20264
190 189
4362 4361
8342 1314
17732 16863
8881 18332
4970 10000
18836 18835
18775 25012
24940 6886
20670 20838
3566 14118
27683 11181
20855 22052
20568 20561
15470 19378
9524 6545
4934 23259
6956 17500
18971 4134
1228 3318
16934 27786
2709 5277
6755 10276
3742 1633
20923 20910
6255 2527
3230 1192
12893 6956
20915 20911
1010 1001
2522 6511
24899 22817
19103 2573
18222 5039
6773 6775
20308 19452
15451 130
27783 15976
7854 8275
21810 20945
23116 17719
4165 27376
10205 705
4096 4093
3229 6228
542 4925
20350 20967
6956 7017
8031 7800
2074 11316
7139 7138
3011 3009
7426 1947
6414 1486
23259 23258
18290 18284
3345 7729
3073 3069
25691 23261
2389 4359
17054 8629
3069 3071
20926 20911
20036 23557
25504 25505
7144 2355
1991 1990
26898 27731
1894 4272
682 222
9738 16649
4857 8341
20364 22046
1531 2648
20921 20917
9802 863
21809 21379
16656 16059
3762 2661
19149 24114
22761 7947
1529 1528
6125 6176
5995 8052
2011 11515
15989 6039
7427 6857
20642 18132
19894 23571
22529 7947
7064 7448
142 4428
3836 3835
9414 7641
9766 9261
11104 17099
456 1060
21628 21731
10319 17583
6773 8440
16313 16312
6979 8279
87 11258
3594 1225
4698 4695
15080 1330
20855 24898
5553 1008
25507 25506
6132 6542
26899 26898
6461 6488
6414 6413
17222 17220
455 11317
5897 5894
18072 357
2480 6435
2370 2362
7244 9499
21944 18237
21405 21406
11232 27325
2363 2359
7171 16275
8713 9125
7128 2090
25078 25076
3172 3171
3755 2997
6571 4387
1795 1794
10061 7707
21593 20760
18290 8406
6383 6258
5748 5747
3767 11315
18636 18842
3542 6272
3009 3005
15911 8158
4698 978
3012 3010
255 251
10225 7707
7148 10154
3653 14074
20565 20560
20855 16643
284 1073
20898 20396
1024 6215
21139 22939
4567 6658
17479 20864
7854 16035
142 25691
19437 10394
17220 9269
20729 21728
17833 17834
5134 1228
6850 18286
20924 20920
1314 8771
16633 16275
2953 2951
26845 7803
6841 6839
1936 5556
3245 3244
16388 8715
17583 10317
20552 20351
19894 19893
17045 7709
789 790
1069 9475
7991 8819
17447 7689
1330 15666
3839 3838
17785 21684
6404 2384
5693 1060
26379 1570
7172 7854
3894 3895
7877 9363
6662 6291
23945 7802
27356 27337
6829 17435
652 4181
6798 5290
6843 16323
20796 25312
2354 2352
16110 20855
8540 6014
14075 2243
1556 1554
22687 21662
16464 22844
6287 6656
7283 2716
3203 3731
4353 18422
14760 24455
4359 4358
1731 6402
9654 1396
17613 16234
6798 5653
7147 9742
7642 16137
9820 21700
18836 18837
9851 7171
7800 7799
20568 20563
20927 20910
5134 9551
16389 16388
1456 1457
16645 8208
8802 6912
18922 5533
17588 17587
20915 20913
20552 20861
11307 26870
11241 11240
25608 27682
215 210
1020 3118
7649 409
16657 25012
17369 16092
18322 22133
21014 21013
20350 21787
3566 16698
4096 4095
3229 6230
7509 16092
3429 7015
8487 16447
15913 8649
15691 8307
6840 7073
26845 11120
4707 6356
20649 22204
8643 15913
3073 3071
15211 23023
12954 2349
20926 20913
7412 16401
21641 22844
8406 18013
4955 7481
1894 4274
20490 22682
7505 1060
20921 20919
19260 24213
5165 7412
1619 2470
1749 779
25531 25623
17717 3969
2980 2977
4844 22939
20577 22169
16258 16257
8242 8240
3272 3270
1627 5340
6874 15957
9978 18302
6023 6022
3170 3259
17063 16398
6344 6343
8346 26498
20661 20712
2141 8715
18302 8163
5321 8840
1670 1667
343 340
26846 21934
16986 10408
21149 22866
6994 8037
922 2676
2608 5333
6227 4603
26899 26900
25475 25640
26379 7128
5322 18231
5897 5896
7576 7574
2367 2359
5856 6501
171 125
2370 2364
7149 8446
6411 5033
23945 9159
6488 6485
9524 16509
2363 2361
3070 8
11324 11051
4313 4310
14511 25216
4403 2
18740 12135
17479 22947
976 4322
6209 6373
6383 6260
4770 6067
3238 11461
690 11054
3009 3007
6661 6655
23021 23016
21858 11015
17961 11508
19452 22557
3345 3343
7118 7244
6063 5918
20565 20562
20924 20909
22364 22342
6158 6155
2404 3664
9875 21946
8384 7221
1839 1411
3493 18345
444 394
4275 4273
7444 9228
14892 7147
7834 3263
5939 9800
14760 13343
20924 20922
13519 6606
4134 9114
6150 3540
3345 1491
21044 20694
7140 7137
690 692
17031 17040
4578 3119
8042 20945
18260 21858
3566 9424
5907 4842
17369 16402
8985 1048
5612 13067
7509 16402
2470 4273
18381 5236
20891 9094
17448 3607
4700 4519
4844 7947
4566 1028
11476 19014
2245 7430
22368 20329
6231 6228
3566 5236
7510 7972
3104 26493
26845 16920
20505 20412
6536 6460
2011 3183
17679 7128
6287 6658
6959 18836
6230 1694
5995 14888
9396 6351
76 845
234 236
1624 6278
253 249
6662 6656
6655 6653
11472 11041
10196 405
3346 3344
8724 8294
26903 26902
2487 5340
7690 3607
3345 5142
21026 12368
841 540
19696 19697
3633 3559
6534 6484
16229 16216
1023 3442
6193 6191
20568 20565
20927 20912
6806 5142
5076 21397
269 11052
6196 6610
6485 6484
22179 22496
7877 7876
9937 13898
15479 9874
25645 25644
6219 6220
8158 2153
8730 8731
11257 7803
9524 9235
6784 23116
2953 2766
3783 9114
215 212
140 15085
16657 25014
3323 9129
6038 3297
19894 25185
4973 2909
7445 7707
16001 9518
5134 9687
20768 20730
11326 11178
1283 6324
10196 26903
20440 20864
3653 8896
4971 4970
6905 27849
17961 15080
11051 11323
22454 21522
9772 16934
20372 20356
15694 7947
17479 1686
20926 20915
27376 27094
340 341
16313 8369
9260 9259
1947 7549
79 19410
235 4610
8307 20372
19260 24215
2251 2978
25392 25389
21190 20291
9654 6567
4970 17038
4849 16748
7115 9363
7975 10221
9135 4955
2980 2979
19364 26379
3840 3837
14368 10160
3069 284
4313 1842
10319 2648
8455 18149
3343 17031
7276 27337
4974 4971
4693 4692
1749 2070
21057 11144
7207 7208
3566 7627
2648 3566
3783 4134
7172 9321
6938 6939
343 342
2684 6606
6755 1570
7864 16001
24380 11476
2355 19384
9015 16513
22757 20623
6920 16842
1507 1503
2895 11111
2367 2361
16844 6920
21499 22055
2356 19464
2370 2366
21190 21714
16440 7739
2463 16823
6488 6487
706 407
7672 7671
1359 16507
11156 11240
5239 5753
23258 4932
9524 8819
6798 3387
10203 705
8881 1479
6026 6025
7424 16092
8571 7854
3246 3245
8342 8031
1216 8362
21112 20841
11147 26938
20569 20562
23021 23018
9131 9130
16635 27818
9571 9402
18612 18610
25403 20689
12998 12666
20375 22948
4878 7221
20565 20564
20924 20911
25184 25196
6158 6157
11257 18825
26958 87
19436 19437
1497 15528
17553 15677
8384 7223
16657 24961
21149 21150
6232 6227
5134 6709
6936 8006
9659 27958
26493 20036
1024 6569
3756 2892
7190 7364
27031 4106
11476 24130
2162 2160
21278 25064
3345 1493
6280 6281
7140 7139
5834 4474
6775 8438
2780 1980
8571 25721
25013 19032
7649 17754
6806 1493
7641 27958
20393 8698
7416 8363
24066 14849
18203 3017
9491 9489
2648 6762
4566 15138
26938 26936
9270 1155
551 4241
6709 6636
5035 5036
15989 11696
25324 25323
779 3839
8406 8405
21473 21731
20855 25065
19696 15014
692 10781
16010 6800
7096 7984
9095 6937
15980 19460
23420 485
6231 6230
407 705
20764 21944
2361 2359
3968 3969
7510 7974
25846 25260
19540 26902
4970 28073
255 55
6242 6244
25391 25390
14727 7128
1365 41
6287 6660
5165 8771
6027 6026
5322 7671
21813 21812
9875 20351
7740 7739
24902 25054
7345 8149
6662 6658
9819 16514
22169 18414
253 251
11257 87
6344 6534
22712 26920
5027 5171
5834 541
6955 16221
6418 6419
22234 23094
25393 12580
1296 9982
6534 6486
20568 20567
2364 2360
9392 20890
15691 21009
652 2225
1982 18244
25515 25644
21101 21417
1628 5594
5986 5984
8438 8440
7730 17250
2271 1795
16402 17206
406 2024
20491 20855
6510 4156
8275 9321
732 733
212 209
4387 10277
24793 11258
11076 27126
25014 24961
2342 23259
3542 3540
2443 5820
6617 6618
20323 22560
7190 7419
4878 8686
27783 17271
20921 20910
2203 16805
13519 18448
6155 6156
2953 1024
8484 17550
6606 15662
26973 26972
16737 17559
16347 6787
5322 26490
20629 20630
8785 12186
11454 22682
15371 21380
7799 16292
10575 26685
2251 2980
25392 25391
26374 9916
71 690
3572 3903
7147 5116
21556 21555
2740 6527
189 187
4357 4358
18654 24528
8517 7244
3840 3839
4738 788
14727 17679
3101 9
4974 4973
3370 399
20466 20477
21679 20699
9938 18126
6764 7808
730 524
22212 17937
25395 17808
18381 18380
20960 9506
24638 14338
1507 1505
21014 12186
2367 2363
2370 2368
25426 25644
25646 25647
2906 133
192 188
16220 6920
9095 1060
77 11461
11344 26983
6594 6592
10205 10202
25325 10141
16347 7634
16844 16842
9875 21587
22021 6718
17785 22240
9659 9396
18381 17804
25196 25195
21556 22052
7582 7756
1216 8364
3246 6630
6661 6659
7199 7466
20569 20564
23021 23020
6829 8192
6930 8769
9833 16234
1253 2
5857 6046
20562 20561
4878 7223
9260 8724
24992 23042
16470 16614
5134 992
8094 22052
26895 17066
20924 20913
8402 9373
952 18211
25325 25322
20917 20910
4610 20361
25014 24908
4282 4280
22166 24963
6494 6495
6232 6229
12574 5035
18212 4920
5933 11531
1549 1289
21892 22364
16828 25195
21307 19459
1619 4273
6524 6522
11257 11256
405 10471
2356 12379
8710 7516
13834 11317
22156 22824
16733 7817
6902 8252
23657 2023
2906 1798
9469 16256
17733 17730
3264 459
25644 25438
23380 16388
6343 6460
17651 17553
555 4241
3563 1694
7275 16239
18922 18921
9938 18289
9506 21813
3246 23571
8362 8364
20855 25067
2365 2359
5039 23358
4857 9583
8713 6837
6536 6343
6959 11364
26978 11145
9562 9263
4311 4310
7729 16651
24114 24209
19540 26904
9906 6979
4275 1620
7685 7684
9235 6545
18926 11405
67 1174
22848 22259
23667 23116
26905 19540
9777 9982
7428 6981
5322 7673
9270 18782
11104 6785
7685 3604
15479 4375
8120 6979
1671 1668
6662 6660
11989 12547
6344 6536
9577 6780
20323 21139
3033 17935
6135 6133
5388 5115
14154 14155
11780 4452
6797 8174
20794 22831
9409 17153
27005 20659
600 603
6534 6488
20888 22237
27018 27014
16229 16220
5995 5685
2364 2362
1619 1979
25506 25412
8084 8732
17139 15660
2893 2891
3921 1118
9717 7298
2951 6215
21002 20393
10061 10225
3855 3854
6234 6209
16506 1171
847 429
5322 1633
5388 9571
8553 17531
20440 20868
7627 16992
8674 17942
20921 20912
7799 9636
3298 2256
992 6795
25324 7984
8164 3318
20914 20909
27023 18164
1478 1477
5173 14584
6229 6228
16513 3294
7574 6377
7634 8643
7510 4635
16643 25217
18290 6978
8883 9956
19364 10276
42 5239
159 26469
8492 17160
22505 20538
18072 4661
8487 27783
7149 7150
11321 11322
4220 6048
3203 6704
26904 405
17447 7763
7092 7518
2105 12555
3366 5126
3631 3559
11180 27682
23240 9629
21846 16677
23974 7867
6656 6291
21944 21386
16698 6978
7149 8560
6460 6537
3203 3684
8120 8202
20642 2517
62 2174
2367 2365
11084 11183
7118 7116
25330 14567
284 8
21278 20370
4360 1503
5134 7505
18661 1110
20365 21312
192 190
3012 3005
16220 6922
2516 623
10700 21810
7691 7688
16312 16310
254 250
19197 8674
21810 21813
10205 10204
484 483
7689 7763
27327 11087
17785 22242
17369 7509
11053 98
16777 7634
25238 20993
15673 21813
21363 26089
15739 2919
5880 11280
51 456
3633 3631
14337 24638
20569 20566
604 605
6089 2234
5750 4754
8007 9563
20924 20915
1365 1642
23936 23937
21417 4983
25325 25324
8350 10087
3078 5341
23210 9200
357 5171
2581 4242
6232 6231
2888 1918
7416 7415
2394 1117
26791 11066
26937 11120
25079 25389
11307 233
7428 7425
22688 22687
22096 22812
4311 1842
16506 8823
1031 1486
10317 2648
4972 4971
1627 6435
9469 16258
17733 17732
2797 2796
19378 11461
16456 7137
3566 18290
6787 7634
9777 6696
17671 989
9777 51
18035 7867
9131 3323
5688 3498
24070 19173
16847 23358
7574 29
22022 22021
26493 23557
6268 6638
17240 8242
22690 21662
1505 1503
2365 2361
17498 12186
7424 7265
8713 6839
1731 1028
185 2057
22887 22886
27299 1376
4362 4358
705 10202
2064 5523
3997 2661
788 522
7975 17059
27974 27973
15691 16678
7334 9563
8731 12383
20712 20832
7784 1434
24943 22844
1671 1670
26471 7128
6875 7709
20291 21189
1031 6413
17479 22887
5322 3366
6655 6659
6798 16507
3894 8817
6437 6436
4282 1759
490 26855
16447 16445
5907 6621
9571 9569
21057 21486
15918 16855
17487 7556
7073 7707
77 1732
23019 20264
16058 8877
16845 16841
10061 7073
18222 23358
5750 5748
21276 7129
20331 20456
22192 22148
7451 6956
9080 9079
1835 25260
3011 3006
701 23116
1008 7317
18041 9404
11310 11311
8643 15908
6093 6501
18853 18852
21628 21473
2719 18231
6798 8360
26644 26643
17531 17532
18244 206
613 614
9581 25064
12383 3430
20921 20914
17038 12186
1493 2124
20914 20911
6983 6985
7992 22461
690 10781
27023 7320
4578 4577
1620 4272
6510 6509
10170 7500
7043 16542
17099 17097
4233 5747
16229 6920
20524 21520
253 55
7425 7424
8149 17052
16090 5041
4168 2356
25161 24974
7426 18414
21632 21662
1491 7137
2203 16233
8674 8279
1236 4403
7425 1947
11047 11048
14075 14078
25047 15948
11447 20818
5938 16388
5165 16401
14007 5020
6438 1627
8342 16292
9748 1633
21494 25232
9235 16509
19402 11041
2245 2243
25078 17597
21139 22560
2544 2539
6177 6174
3400 5907
5896 5895
7697 11508
11241 11156
2370 2359
26471 17679
2951 20017
4746 6631
8360 17342
2772 19907
835 2621
9854 9855
4364 1503
1561 5236
13766 12639
26806 235
18010 5316
6258 6260
8084 17299
3203 6022
3012 3007
7092 17682
20538 21013
10700 21812
7691 7690
1736 3897
254 252
25012 24961
19253 27001
25515 3890
17054 16131
7518 17682
4878 15966
455 2349
27361 11087
27974 1222
142 18104
25195 24974
5870 5868
8717 23375
4567 6655
25010 20993
20569 20568
7373 5142
8771 17195
6950 27145
7864 7860
524 89
2772 1732
9906 19197
6508 6505
20924 20917
25077 25076
3987 3986
1491 16507
3246 25185
6791 8025
3566 8359
5882 6228
6804 17120
7361 7360
6124 2314
7128 10276
756 489
13975 23217
3837 2069
16388 16296
6185 5340
19092 23403
16635 16402
25079 25391
7428 7427
3921 6089
3839 3835
5854 7162
7445 10225
41 9380
15511 3541
21890 21891
1944 1943
25691 4428
202 16387
5388 6837
2105 4786
17109 21812
7166 7548
22762 22759
6546 6342
24106 806
26438 7516
27787 27786
6268 6519
3742 8840
20589 20364
11117 18783
6922 16842
7264 16542
6762 6761
6232 3563
2825 8350
22019 22018
20117 23937
1556 1551
2763 17271
18014 7867
913 4074
2365 2363
8785 17038
16983 20373
8713 6841
23218 23217
77 540
9328 9329
190 188
7863 16470
4362 4360
19459 22368
3566 17487
1228 7505
20299 22759
9346 15506
10203 10202
4452 14318
1748 566
22051 20751
7276 23210
1531 5412
5507 5508
3542 1184
21051 24959
17961 18082
3563 3229
20568 20560
35 3525
4934 23258
21278 9581
7451 6824
16091 6828
25013 25012
20560 20561
7129 20810
24215 24214
6951 6888
1748 1747
4776 4777
4852 17833
25065 25064
21598 21169
21149 21077
20915 20910
2371 2369
7854 9321
6842 6837
25012 24908
28073 17498
26490 18231
21445 21075
3294 27900
4129 9517
4844 22560
16845 16843
4096 4092
1443 185
7688 7689
282 1550
8031 7799
7425 9157
8544 17594
27230 2004
7092 8193
23172 11180
2389 4358
17827 18229
16211 9629
23571 25185
7353 9402
3069 3070
2356 13714
8674 6979
26905 10471
1991 1989
660 3172
26895 27166
7463 9920
20921 20916
24574 11166
20539 20585
18456 3245
6174 6175
7416 5149
16001 11862
8497 11079
7709 16513
20914 20913
6018 6278
15691 18237
1359 8434
1620 4274
407 10202
8985 2387
16230 6851
8164 1228
6572 6571
17368 16092
19014 24275
8802 8803
6592 23667
4633 206
4696 4692
27235 11234
9632 9031
17733 16863
16313 16311
7426 6981
5531 18739
27783 7023
2141 16296
5479 1287
2967 7707
6344 6461
18195 13632
25507 25505
20538 20760
1073 3071
292 291
595 63
11834 13766
3894 8511
17723 17959
1947 6981
8242 9876
1561 4996
6177 6176
21276 20810
9235 8819
2370 2361
7800 1314
19459 20329
25066 25065
6531 6529
17342 17341
23025 3413
728 7250
20713 20710
8174 9489
8785 28073
3731 6022
20774 26089
20054 27197
21915 22207
6798 10148
7146 2752
7646 7505
6851 6776
8084 17301
22098 22099
3012 3009
3244 2349
12822 2111
1736 3899
1278 2792
1749 3838
23056 18281
7702 15923
3005 3006
11105 1568
1182 3498
6656 6658
1505 1936
5933 18866
8307 16676
4878 8384
6438 6435
6777 17915
20919 20912
16678 16677
7073 6838
25515 25597
20912 20909
20729 21727
2356 2573
19442 3503
1476 1477
4134 1527
1516 19306
6508 6507
21593 21014
5882 6230
19364 1570
22331 21357
6841 6838
4093 4091
14507 19697
8686 9259
327 19296
15917 16003
8821 8629
328 687
5460 11088
8113 6593
5999 6643
460 2011
25079 25393
1496 3354
5322 8350
5091 9915
4487 4287
11049 1110
11067 20412
7999 26843
21397 22778
10001 10000
22233 22232
6957 26624
1321 8318
26436 9916
22762 22761
27687 27665
20918 20915
6168 6169
2363 5433
8202 17911
3783 19460
6129 5948
15918 17530
8158 7372
3345 5355
1556 1553
17723 18014
6287 6655
16921 26960
20945 21812
9135 17153
10883 8122
18209 9276
1411 1845
748 5931
4844 21139
4359 4357
18260 21521
20363 1872
19347 21146
992 18076
252 250
7275 8085
6146 15404
433 298
17368 16402
17264 11326
9335 20193
7632 9261
6606 11080
11411 27731
5850 5849
6429 6428
9490 8174
18302 6713
7416 2668
883 884
4362 2389
4934 23260
690 489
5748 4754
992 9687
16934 27787
5861 5863
14078 14661
13126 18149
2342 4932
1991 1736
11147 19296
5075 1628
20915 20912
11307 26869
6842 6839
1570 2093
6980 26960
18971 17438
22102 22101
9717 27828
27763 8643
215 209
27671 11306
16657 25011
11476 24059
22801 21092
10205 706
21555 9581
2384 6403
4096 4094
7426 7425
18853 18735
6329 6331
6840 7072
916 4578
22723 21522
19075 24446
14075 24552
18000 18001
690 15791
840 540
3073 3070
13070 24215
22505 22504
27300 27325
7017 3298
21394 20428
1894 4273
5856 1694
6502 6501
9738 16650
20921 20918
1561 17804
27974 10394
17911 17942
2345 2344
20683 22443
6236 6237
3876 6790
11232 27300
5878 9912
6484 6460
22689 22688
19364 7128
17679 17676
1471 15672
9649 7509
15914 15894
22760 15694
3894 9668
1236 1253
4696 4694
20821 20929
20351 21946
517 519
18212 18526
7718 6862
6125 3
21108 21107
922 2675
16737 8360
8827 18260
20891 21523
6274 476
21029 12368
16831 7500
3607 8456
4567 6283
2242 19211
2370 2363
4216 4484
12574 8037
25608 23172
20880 21522
693 694
8714 6840
1553 1552
992 990
27361 7803
976 6415
24289 18730
25078 25077
27874 7799
706 10203
9028 9632
5322 6687
23017 20264
8174 9491
16843 16841
26791 26790
5533 18921
19260 3246
1708 1732
18636 18843
24902 25238
20375 22824
8605 8896
4770 6066
16388 15924
14637 77
3009 3006
5854 7837
3012 3011
28073 12186
7320 17550
23020 23019
1749 3840
2272 5867
1624 2384
7906 119
20565 20561
25014 25011
1505 1938
8037 8452
6438 6437
21477 20828
5877 5875
6212 6390
3756 2997
24209 24210
16221 9573
20919 20914
552 6342
20912 20911
6661 5849
24618 19426
2119 1171
20729 21729
27299 26778
26915 24573
6841 6840
10884 8121
6874 17045
6875 15957
4953 16507
19432 4106
3072 284
21044 21043
18260 5053
6422 4762
6545 8215
1311 5976
6113 6114
22233 22234
7139 1491
779 3836
20918 20917
51 1296
6231 6227
18013 19189
11205 11050
341 348
7073 7445
3071 8
63 340
7721 8649
9417 15966
2354 2353
19436 27973
1556 1555
6784 7463
6959 18835
9259 8294
7709 27900
3400 10167
19452 22477
11525 21591
26374 26436
6662 6655
20133 20071
8710 26438
17943 17911
10203 407
8039 5036
25414 25576
2176 3986
3346 3343
6784 9920
7227 7228
298 3000
9738 9739
3294 17045
20378 6790
20375 25215
9090 8363
5943 6550
24883 11256
1707 1161
11476 491
21107 21084
10235 8572
6842 6841
17072 7320
21779 22645
25067 16446
6044 6043
16657 25013
6116 735
20764 21620
26778 1376
10884 11317
16801 16804
3835 2069
1629 1628
21044 20856
26773 27312
6097 3058
10196 26902
17997 17998
570 1957
5996 10065
10679 21357
22233 23094
25859 4610
8492 25773
3073 3072
22461 22692
4280 1759
2792 3318
4407 3291
6118 9654
9518 7860
6166 6167
1531 4745
7763 7291
8406 18014
20909 20910
14368 12132
16350 9418
19253 24282
20490 22683
26900 27743
20921 20920
2067 14231
2251 2977
16169 18095
21813 20683
4934 18740
6488 6460
9409 9135
21944 8307
3840 3836
3566 5290
1577 2595
4426 1947
4974 4970
4933 4932
3272 3271
1749 2069
6205 3785
17109 20945
24979 25232
21556 20855
4893 9182
3566 7626
16762 16407
20586 20539
3895 7047
21555 8094
343 341
27788 27787
159 1163
16239 8085
4526 4527
21278 21641
7576 7575
6784 6592
7415 16783
2367 2360
6986 7221
2370 2365
12574 8039
22898 22897
7672 7670
4363 4361
17936 20299
77 841
26846 2111
4633 17727
10204 10203
4094 4092
19436 1222
10455 10724
18837 18835
7627 18076
22179 19288
3009 3008
11147 26937
20569 20561
604 600
1228 9095
4279 5952
27307 27180
6707 6708
27713 23172
11354 6972
11405 11404
25014 25013
20565 20563
17731 7196
20924 20910
24898 25067
25184 25195
4787 4786
10160 12132
6158 6156
6256 2527
24216 24215
21307 22368
6048 4712
1409 4797
8346 4715
20919 20916
14787 2709
9031 26631
25859 235
652 2761
7073 10225
6505 6506
6759 6093
35 2792
26980 87
2825 10087
7140 7138
2761 4181
6776 16475
23500 23499
7867 8406
23260 23258
17588 7510
2294 2463
17271 15976
3563 6229
21169 21077
12014 12225
18082 15666
9417 9418
6118 6568
1069 3291
6232 4603
16388 6853
2272 2273
21380 21381
290 291
2648 6761
26490 1633
683 222
7415 16475
7095 5917
9772 17351
20922 20917
17679 19948
20694 7992
9506 21810
20925 20922
25324 25322
779 3838
20855 25064
22762 7947
6784 23667
41 18138
6538 4952
17474 5142
7864 9518
25773 17160
7427 7265
5674 1171
2049 2766
7673 7671
63 342
5842 9800
21888 15677
2068 19223
7428 6857
6621 4842
17866 16633
1008 9151
19436 27975
8209 16992
3837 3835
6287 6659
6027 6025
3264 9571
5322 7670
3493 8347
9663 7864
8544 14888
9577 6777
20299 7947
16092 16091
6655 6654
552 1943
3346 3345
24455 13343
17108 8602
18073 357
2371 2362
19894 25052
15909 17259
6534 6485
8954 8878
2364 2359
23359 23360
8007 9263
25079 25076
7975 7510
4134 17438
160 1432
7244 9920
2719 4923
8192 7215
8484 17186
6343 6486
23500 23420
6839 6838
1293 1294
6418 6781
25834 25251
215 213
2342 23258
21307 20329
433 3001
11379 2896
6083 6158
20566 20560
20512 21263
3245 2242
10196 26904
2023 18149
27763 7721
20921 20909
9270 2243
27401 16939
15909 8883
20539 23732
14193 17085
5938 2141
21527 16639
8643 7864
9333 5867
24380 24512
95 2201
10700 17109
4272 4273
1076 6274
8307 20373
2251 2979
6160 6512
25392 25390
9654 6568
7296 10163
3400 4842
27105 27103
14231 23217
5355 5674
25065 9581
18010 18009
3840 3838
2919 7171
3246 6482
7334 9263
20589 11794
4878 8122
22824 25216
16314 8369
7626 16992
3738 1733
27787 17351
4866 5523
17448 8456
18544 11311
7172 8275
5674 8823
2355 2352
4849 16294
7864 7721
3387 5653
6986 7223
25528 19504
16110 8094
16127 7509
1182 3370
8023 803
15980 3783
6021 6019
3769 4442
17479 22829
11207 27731
20768 25900
999 20366
22148 20637
22005 23032
1718 6467
25528 148
9140 9288
9687 9686
1076 476
4474 824
17478 17477
6272 1184
7199 7465
20569 20563
7877 7114
26881 27074
2389 3238
20442 22939
7690 8456
20562 20560
6176 3058
8540 6798
8643 9663
21562 22596
4282 4279
20919 20918
16298 6828
16657 18775
7199 9922
10148 6014
2344 354
1192 3229
7054 6794
7043 16700
11461 19356
5922 1434
1627 9694
20581 749
2162 2161
6841 7073
4953 4955
2553 7415
15918 5617
3762 3997
17368 7509
22595 16979
26349 22853
26856 11286
10303 2831
4353 11756
23380 16387
71 15791
20840 3726
21475 16022
16920 27361
6226 6224
22022 22018
14727 19948
23218 14231
20922 20919
3294 6874
9506 21812
20925 20924
9781 20519
779 3840
1620 2470
20855 25066
22154 20373
18035 18013
21778 21779
6261 4151
26978 11144
2047 2951
9331 9329
5995 7415
2361 2360
2466 26963
7840 10065
19504 148
19540 26903
22824 22948
7218 8446
23222 23223
9340 26946
8570 9766
11189 2011
3246 2349
7167 7168
5322 7672
21003 8698
4129 4130
485 23499
1671 1667
7223 7221
6662 6659
2967 10225
9090 7415
9226 3812
3246 18456
25012 25011
1291 11181
7839 7840
5281 14787
8540 5672
18184 3344
20996 25260
9748 5321
16456 7860
2371 2364
11201 18707
24998 25005
8350 7682
2364 2361
7071 7069
25079 25078
706 705
19103 24380
14637 3519
1228 6937
7147 2405
14082 3940
26938 26845
6343 6488
2625 42
2951 2952
1345 6411
3855 3853
3074 1073
9748 4745
7043 8821
20634 23056
22723 22454
27763 8649
8341 6643
25014 18775
11117 11115
22505 20511
15470 12393
8202 6979
5922 7784
5322 1632
2937 3138
4857 5999
1321 1479
7697 1330
20566 20562
524 152
15014 19697
16983 22154
17727 206
16390 16392
20921 20911
5813 41
26365 4715
21944 21009
8294 6810
7676 9915
2740 6515
6229 6227
3118 459
15960 7022
2352 2353
8311 9463
1190 1544
133 1798
25721 9766
17597 25076
6402 1028
20323 4844
6790 16830
8037 5036
3726 27123
6101 1975
11457 7129
16826 3298
16762 8009
52 4855
7864 8649
925 3208
15186 13067
9766 7632
5910 5911
14075 11055
4353 13234
16223 7327
18231 1633
2355 2354
9524 7991
9333 2273
17955 8410
1060 6937
6780 17966
1560 1561
1024 10626
9659 6351
6875 16513
8023 805
17466 22596
6582 6583
254 249
19696 14507
21810 21812
8007 7334
2941 17703
4693 978
6656 6653
26904 26902
24106 24105
1632 5126
6979 17630
1429 71
842 540
5527 5526
25077 17597
6027 6337
15673 21812
841 840
20960 20945
6535 6484
20569 20565
9506 10700
25390 12580
5134 6470
1508 1505
20855 20370
6486 6484
8007 9562
6951 8240
8439 8438
1505 5556
7721 8158
20879 20619
20350 21258
6833 8369
22022 6718
1794 27014
6631 4744
22170 25312
3345 16651
16828 25196
4934 2342
16198 16398
18971 18909
16820 17613
19081 20730
4974 2909
25185 19893
19080 19081
25415 16154
8571 8570
10467 5853
8484 17727
3209 632
22170 22171
77 2389
4972 4970
20793 20794
9663 7721
7129 21478
9469 16257
2797 2795
5482 11084
3400 3731
20918 20910
416 2730
20867 20864
20586 20585
1694 6501
4311 2312
4090 2609
2769 25714
22022 22020
20922 20921
1496 1497
16657 19032
2356 2355
17221 16859
1903 5039
25393 25389
5460 26843
695 694
5849 6653
2365 2360
5141 5142
6722 1330
2047 2953
10700 20683
4362 4357
24130 19014
4168 6972
14041 27327
7708 7144
11461 3519
4585 11461
4934 4933
11934 11552
1931 684
1669 1667
6801 7113
7334 9562
1633 8840
728 6482
20505 20767
5332 1717
22206 22204
24130 24275
7117 8517
6662 6661
17479 22886
20490 11454
3343 3344
7626 6795
7702 27987
6782 7113
6231 3563
16845 6920
17583 2648
2371 2366
3 3058
2364 2363
7697 8553
20645 21662
7115 7114
23259 4932
8544 5685
25054 25023
6204 6210
25354 8511
17686 17685
10204 705
10196 19540
732 844
21944 16676
25412 19483
26978 22718
10163 16101
22018 6718
1732 4607
5388 3264
17109 20683
267 5332
2402 5075
15908 8649
21363 22184
18613 18610
21276 21478
1736 1989
20566 20564
8553 17532
601 603
6798 8359
26644 26642
17714 10068
8674 17943
20921 20913
8731 3430
14799 3128
5075 25677
5479 8505
10361 9804
22057 22056
28072 17498
22156 25216
17943 6979
26806 87
6401 1731
17476 8452
7426 6857
11052 24102
5116 9742
18195 22368
27041 16613
21598 23060
7984 25322
25014 19032
23033 23102
71 693
1947 6857
6059 6060
7785 1434
6091 6995
6209 6233
27788 16934
18810 18591
10221 7972
23261 4428
7424 8487
8439 6775
20726 20929
883 4075
5896 5894
11241 11155
1509 1504
2706 9632
26926 20702
11051 2363
2342 18740
9080 8878
2362 2359
27900 9015
14778 20828
5281 2709
7834 7432
23500 485
9978 8163
17617 18216
24908 25011
7095 8446
25354 3894
7118 7117
3012 3006
26877 20530
11187 11053
2355 10061
16312 16311
1749 3835
7425 6981
254 251
9820 16514
21063 21062
10700 16792
6268 4853
4953 6798
9782 21591
6656 6655
2104 9782
7291 18133
21641 16464
14418 3128
18778 2167
20919 20909
6535 6486
20569 20567
6496 6494
16635 17206
1508 1507
8439 8440
2890 2891
5882 6227
992 8945
5995 1903
11457 20810
21278 20855
21556 16110
22761 4844
7697 7695
9663 8649
540 4475
8571 16035
25079 25390
23019 23017
13975 706
4424 19211
1396 6567
8484 17729
5027 17969
22529 4844
1627 6436
803 805
22169 22702
6662 6287
22169 7426
7785 7784
4233 4754
284 3071
20918 20912
6127 6128
15910 6790
684 682
6922 16841
976 6223
27023 17186
6790 6041
19460 9114
1556 1550
20994 24963
6268 6639
6956 11177
25393 25391
701 23667
7054 7053
5849 6655
2365 2362
16983 20372
7415 16831
26471 19948
190 187
21044 22461
4362 4359
6018 2384
23218 706
6031 6029
26289 4106
21009 18195
20577 22702
5813 1642
8536 6776
13126 8455
3246 4568
3522 20947
20510 21076
11449 7954
14799 14418
1031 6414
24215 24213
4704 3668
25325 7984
6887 7131
52 6214
2371 2368
23657 18149
77 3238
9571 9570
1978 1619
5173 3594
22102 22098
22114 21169
6204 3058
5996 1308
16845 16842
4096 4091
20475 25161
26980 22645
24943 20993
21944 16678
20855 9581
251 250
20455 20456
451 27665
9125 6837
4996 820
135 2024
6839 7073
6653 6654
21934 2111
6875 27900
2389 4357
18613 18612
17479 21386
8553 7735
27180 27671
601 605
17498 9772
17301 17300
17587 10258
660 3171
7206 6843
2894 2893
6221 6219
20921 20915
3229 4603
4275 2470
6979 17942
20920 20919
17630 17660
21234 26973
7992 22691
25506 19483
2691 8347
1620 4273
20855 22897
2253 3920
17961 15666
6956 3298
6572 6570
1570 8064
2997 16388
2831 12420
21067 12580
7218 7095
3018 1629
21009 18237
1491 7138
4275 1894
11329 11257
992 8208
25196 25161
1938 1936
11436 12551
20993 22844
25645 25438
17714 7171
6344 6460
9262 7632
8052 7415
1073 3070
9562 7335
6329 7054
25426 25515
6177 6175
7419 7327
15913 15908
2370 2360
20552 21946
18322 21111
1454 3785
1509 1506
2369 2364
13234 11756
25066 25064
6930 7809
6833 7876
9563 9263
15903 11177
2362 2361
24247 18730
6534 6533
9562 9563
2470 1894
20898 22704
21212 22342
25326 7096
8785 28072
52 6148
6485 6533
2553 16831
2978 2980
455 12954
20475 24974
765 836
7867 6978
20901 22342
10034 18310
10700 8042
3072 1073
4842 2381
14584 3594
13126 12135
23020 23016
1749 3837
254 253
1624 2381
20538 21593
20564 20562
3400 6621
2402 1628
8360 1491
6592 23116
6157 6155
6401 4566
8629 15908
20919 20911
21014 4970
6535 6488
8039 17476
2368 2367
18619 540
25507 25412
8553 6851
4274 4273
6508 6506
4216 4039
119 7854
18985 15829
25404 25435
5965 6227
7692 7690
3566 8360
5882 6229
6007 5177
4134 18909
3 6632
9260 4878
2312 4313
11481 9276
13975 23218
7991 16509
2792 456
8113 6592
10034 20901
28072 12186
25196 24974
20329 13632
25079 25392
6311 7106
7164 7547
3118 747
202 16388
15935 7253
20922 20912
8164 9095
20925 20917
6455 6454
16847 5039
3218 806
24380 24465
5322 1236
20918 20914
16792 21813
19950 7425
4280 4279
3566 7676
6230 6228
11346 18082
7575 6377
8487 7425
6532 6529
142 23261
693 3658
3406 7579
17029 16922
6857 7265
23240 16211
1556 1552
17723 18013
7867 16698
18866 11531
27031 26289
11052 4106
20829 20818
18260 21520
18073 4661
24129 11475
5322 4403
11207 11335
2951 13657
252 249
6592 6593
26905 405
20810 21478
26875 233
22364 21212
2604 5332
30 28
25437 12580
3632 3559
6287 5849
2242 2243
6130 6131
5999 9583
6429 6427
6533 6484
5332 5333
15909 15978
5861 5862
4319 6596
21899 20452
5612 15186
6502 1694
7596 8906
26806 11258
22240 21684
2359 2360
8715 16296
4852 17834
20774 22184
2684 15662
2371 2370
9571 9572
6842 6838
26463 8007
22102 22100
6798 6014
22191 20637
4084 4083
1749 4952
5332 98
16845 16844
24344 24571
6437 2480
7426 7424
916 4577
4474 2174
19075 24445
14075 24551
26898 26900
15673 20945
842 841
13070 24214
4287 2698
21156 9817
20916 20910
16314 6833
15913 7721
17493 1028
16220 16216
22212 25260
5322 2
14888 5685
17961 11346
17076 21506
8613 7054
15978 16804
6023 3203
460 1957
21106 21084
20504 3717
7627 8945
21778 22645
9632 26631
26938 11120
690 3321
21222 21380
8120 17630
17969 5171
585 22718
22689 22687
26832 19705
5321 4745
4696 4693
21333 21332
20767 20692
20505 20692
25515 25438
6066 6067
632 3208
16605 16649
2330 1001
10196 10471
19075 18634
21363 25826
8827 21521
21108 21106
20855 8094
2352 11461
21395 6008
16733 16992
22023 22021
2648 2865
16388 16957
7320 17186
3566 3664
21729 20756
16843 6920
3321 4799
27738 27229
1509 1508
16384 20864
2369 2366
17714 16275
1553 1551
8553 7416
6531 6530
21009 20588
4363 4358
21812 20683
16988 7954
706 10202
2394 5055
7693 7689
3828 6185
187 188
8817 8364
17487 2124
5322 10069
6177 3
27975 27973
24943 25238
21779 20361
8570 7854
9506 17109
4993 11183
6037 5971
23020 23018
23389 1947
1749 3839
24992 25251
6656 6659
24898 25064
1835 20996
6438 6436
6785 17097
540 962
7424 6881
9572 9569
20919 20913
5938 8715
15599 2355
5932 5931
1190 182
978 4692
20912 20910
456 7505
19101 14057
22055 22056
14799 19160
3755 2892
21577 20482
23747 8434
16001 8643
9833 16820
1831 4271
11472 19402
22690 22688
4093 4092
21029 21027
6329 8613
22761 15694
2792 4888
7626 18076
4996 72
12743 20504
25012 19032
25426 25438
22529 15694
20586 23732
26902 10471
20922 20914
6776 7854
17959 18013
20925 20919
779 3835
6293 4179
119 7172
20918 20916
2740 5879
1730 1024
20883 11015
20600 20755
9819 21156
11457 15700
4809 4810
7767 17395
22760 20299
2294 16823
27080 26813
6532 6531
24154 6569
11433 18726
27235 11411
5322 1359
11508 18082
17341 7131
254 55
16490 9476
10241 5465
6801 7106
20945 21813
5849 6659
3001 298
2495 1658
16390 9245
8713 7073
3566 10135
18035 19189
5604 5552
7117 7463
252 251
5482 11453
8039 5035
6231 4603
25079 17597
21149 22114
16387 6853
690 4799
27788 9772
14075 3653
2371 2359
3102 3103
16131 15908
6533 6486
3074 8
17951 17976
18195 20588
21190 21189
14418 19160
9781 22058
25362 25361
6662 5849
20861 9875
17266 23013
2342 4933
3173 660
5619 6681
8780 8779
26821 27194
18414 22702
6842 6840
21862 7861
20117 26760
6509 4156
17369 17368
6875 17045
15923 16615
5693 7505
6044 6042
3566 5142
25644 3890
21051 22292
7426 22702
5078 16664
3298 3297
9125 6841
20733 20670
6731 6083
10394 1222
27975 1222
21067 25390
14075 13707
11566 7041
14637 11461
3827 5977
5874 5873
6660 4567
22461 22691
13070 24216
20466 20447
3555 41
20916 20912
26856 490
9777 9776
6786 7308
5852 6235
21556 20491
1293 836
21810 17109
6039 11696
2487 6185
6874 9528
5143 5142
974 975
7416 2119
26152 25260
2916 8698
3838 2069
27681 11166
21486 23936
21276 22894
19253 16939
17804 17672
3840 3835
6278 2384
3345 5290
9781 20461
4425 6151
901 2725
4696 4695
6776 2553
16138 20447
6415 6223
20442 22560
6547 6342
8406 23974
1619 1894
1198 18345
20364 11794
9235 7991
26733 6007
13975 2067
27788 27786
19046 14902
26822 27404
24917 21441
7264 7043
9923 7466
4745 10949
8396 9528
16388 2141
3566 7867
16843 6922
2369 2368
22898 22896
992 991
22057 21499
4363 4360
26877 19705
7043 8629
22159 22678
7693 7691
8536 6956
5322 2716
16314 16313
10204 10202
16843 16842
4094 4091
4696 978
7166 7164
249 250
1694 6228
1155 18782
20764 22829
16650 16649
7137 7860
4878 8724
11147 26936
20569 20560
2772 2771
8126 8081
3566 4029
4633 1982
6422 3340
22204 22205
16092 6828
25014 25012
21674 26820
24898 25066
24216 24214
6785 17099
5877 5876
6101 17635
3173 3172
652 653
2372 2369
20919 20915
8487 15913
485 6784
1624 4842
701 9526
27001 27085
20445 21382
21562 17466
23253 17727
3566 3345
4584 19378
3291 8021
3563 6228
10066 7840
9542 15010
6118 6567
1980 1979
3291 4759
3566 18284
491 18589
7253 7364
5321 3742
4925 544
25412 25505
6833 16311
7416 16403
22801 22800
8209 992
8581 12420
20922 20916
25846 22212
20619 20878
20925 20921
779 3837
18209 11481
24574 27681
6978 18284
5882 3563
7053 6794
451 450
4424 3244
6216 6297
7705 27136
10099 14567
7673 7670
63 341
7227 9310
24636 5820
17992 21467
28073 9772
3876 6041
20734 7861
19436 27974
4697 4692
18982 3079
10170 16783
5322 1253
5041 3226
1396 6118
1924 87
380 1980
2389 6310
7767 8779
552 1942
8819 6545
7905 8605
2371 2361
17271 7023
3387 10148
15909 17258
25067 25065
5868 5869
6533 6488
87 22645
1627 6000
6535 6534
7412 17195
160 1431
17731 12727
23593 18278
20375 25216
472 1932
4360 4359
6266 6265
6343 6485
26733 8653
3894 8006
6839 6837
3566 8406
3245 2349
841 5333
6467 1717
19364 6755
3044 1541
19189 18014
433 3000
1836 2336
26089 25826
8202 17943
21632 22690
6978 8406
21067 25392
9778 27787
20442 21139
1869 5078
20920 20912
95 93
9506 20683
25644 25597
26760 23937
2234 517
3752 26450
16445 16446
24908 19032
20916 20914
3566 2124
3128 19160
6566 7270
16659 27894
1345 5724
12043 12687
7101 15952
723 722
26899 27105
18164 17186
4844 15694
3237 3238
4097 4096
20774 25826
14584 1225
20378 4134
16223 7190
14337 14338
12893 11177
17992 21630
17966 17965
16992 992
6165 5892
14231 706
4245 4236
9310 7228
20629 20991
22824 25215
18510 13985
17447 7291
18723 13985
13689 480
1228 6855
8945 6470
27037 233
7171 9850
455 4424
11172 11171
5479 1642
1365 5813
20817 9913
3238 6310
1531 10949
20475 25196
22683 11454
992 6470
23259 18740
21787 20967
23215 22346
20880 26184
11286 26855
15963 6811
15791 3321
4359 1503
6344 4951
357 2697
1633 2716
4363 4362
1978 7854
7974 7972
517 6483
4094 4093
6734 7472
5577 23360
8674 17630
17493 5033
22776 21494
20460 20619
6881 19950
3566 5078
17313 15948
10276 1570
7689 7291
3632 3631
604 601
4363 2389
17031 18184
16389 17963
2389 3237
5749 4754
2368 2360
5909 5911
7128 19948
9819 9817
22058 20517
4689 18481
1831 2276
11041 11064
15353 4168
2372 2371
20919 20917
21937 21166
7073 7072
5753 42
3522 5169
8369 16310
3010 3008
21556 9581
23253 17729
25066 9581
6841 7072
20875 21382
17055 15908
23667 17719
3345 5105
23260 23259
20925 20910
6115 6113
4857 6643
3563 6230
1656 1655
329 328
14760 24662
10246 2067
14727 26471
27179 11120
858 857
20337 15677
6833 16313
7803 7954
26988 26986
26845 26937
20922 20918
27975 10394
2356 2352
16347 11862
20925 20923
380 1619
1020 747
6790 9419
1327 7320
22154 20372
9506 16792
12743 3717
5134 16992
6534 6460
26875 26937
9331 9328
11525 2104
10395 26460
9340 26824
21888 20337
4361 4358
7673 7672
18380 5070
21810 20683
6485 6460
5917 9157
19080 20730
1183 9153
71 3321
3837 3836
4697 4694
11306 27670
21101 22330
15673 20683
7719 6862
17479 21944
3129 19146
3291 9796
552 1944
20685 22886
2371 2363
21714 20291
15910 15913
9660 17635
15739 7171
25079 25077
14511 20375
23018 20264
3755 3756
6547 6546
2068 14231
7697 17531
542 2932
6343 6487
734 887
5749 5748
2440 2439
5996 7840
4091 4092
6842 7073
7465 7466
27276 26960
15791 4799
9015 3294
20566 20561
21770 21229
601 600
5938 3297
22331 10679
11482 18301
5839 6701
20491 21555
25152 21983
20920 20914
20923 20919
7868 7869
1612 701
695 3658
27023 8484
9028 26631
8232 8230
22641 27069
3492 3493
252 55
10061 7445
6956 16475
8771 17031
4970 17498
6372 14209
1190 1543
7137 7138
3073 284
7239 23593
7424 1947
455 3245
14075 14074
42 5587
7199 7198
21002 2916
5917 6876
20482 21576
9849 12756
11493 24313
4703 4702
8037 5035
7140 8954
20761 21405
7642 5674
26289 19432
26824 26946
6229 4603
2244 2243
21620 22829
8341 9583
6176 6174
6797 9490
19208 23185
2369 2359
1938 5556
18094 2674
11457 21478
6812 6765
6471 6472
5674 5670
17067 7008
3072 8
7190 7327
20491 22052
2355 2353
1978 380
4849 16295
19437 27973
23974 18014
17054 17053
6780 17965
7425 6857
2668 5149
1359 4953
976 2448
7128 6755
10204 407
18290 14118
6874 6875
8487 16830
9937 18722
14118 18284
15980 4134
8553 16403
21810 16792
10248 10249
6773 26650
27687 451
17728 206
26869 233
16388 16387
8785 10000
9414 27958
6951 6950
27973 1222
22208 22207
71 4799
16934 17351
604 603
18186 5901
15673 16792
5995 16826
5479 7147
1508 1504
2752 3291
2368 2362
6707 6711
6956 7415
8497 269
456 4236
6507 6505
5858 6096
7597 7596
7424 6887
1978 7172
26806 26958
7199 9923
11875 11871
7718 130
21276 20375
21380 22647
20875 20445
4842 5906
20519 20517
20563 20560
8064 2093
20925 20912
16114 16524
2792 9095
7320 9637
6232 5882
20918 20909
24105 806
7415 10170
1718 1717
3291 10361
9506 8042
6347 2314
1359 1491
1493 1491
6226 6225
22022 22019
19464 4615
20922 20920
2356 2354
4635 10221
695 693
1555 1551
13126 2023
17716 3968
18035 18014
24898 9581
6232 1694
16777 11862
20861 20351
2047 2952
14118 8406
22235 17000
9331 9330
6638 6519
2417 18212
6018 2381
4361 4360
21892 21212
4934 4932
4697 4696
6082 10394
701 17719
15691 16676
7415 7500
12822 21516
21556 8094
16311 8369
22212 19510
6660 6291
23657 8455
2253 2252
9090 7416
25054 25238
6487 6484
6101 6714
27788 9778
6776 9512
8963 3295
16228 6920
2371 2365
9851 9850
19826 26806
20323 20442
21278 16464
17998 18323
12893 7530
4364 4361
15696 18322
17686 17684
23380 202
27834 16101
210 209
1978 9321
6787 11862
19437 1222
4738 522
5105 9849
8405 7676
182 1544
10160 11601
16737 18824
10141 25322
11117 11116
4878 6810
12510 18853
1978 1979
557 559
8497 3599
7416 9683
20566 20563
7295 9393
1990 1989
2894 2890
7445 706
20920 20916
7015 7016
20923 20921
3 279
18195 21307
11117 11358
6759 6501
5236 5070
22057 22055
22156 25215
213 210
2522 6293
19103 2355
20946 21440
7132 7133
6806 7148
2363 11080
6776 11177
8524 8525
11316 11315
4695 4692
6129 2146
7209 7208
2067 23217
357 4661
1359 10069
1069 8021
6401 6402
20879 20460
16389 6853
235 20361
25184 25161
25826 22184
1069 4759
11165 15589
26942 26940
8398 8399
3104 3103
4953 7481
7574 18983
17395 7886
1509 1503
77 6310
2369 2361
17475 5142
7428 7265
27763 15913
13690 13689
23253 8484
17578 17577
21288 2965
11354 15353
18322 21229
6828 16547
1567 1565
19437 27975
16643 22897
2978 2977
3838 3835
5126 18231
8726 2993
16571 2763
20538 20301
6719 3664
7398 7399
8007 7443
26978 26960
1228 456
6797 9855
8042 20683
8021 4759
2553 7500
18614 18610
19288 22496
8007 7335
6656 6654
820 72
26904 26903
4971 2909
9659 7641
3218 24105
1228 2792
20984 22579
18722 13898
27834 7296
13519 1109
17668 7253
2372 2362
27240 27239
9811 11795
6535 6485
4920 18526
18101 18102
1508 1506
2368 2364
21937 22096
16828 25184
6486 6485
3767 9
5688 5687
21592 21014
7424 19950
1835 20186
2312 4310
19253 11268
4353 6377
1028 15138
7415 6776
7864 15913
540 4474
8039 8037
8192 17435
16633 7171
9159 7802
23019 23016
7834 7110
10884 13834
22873 9864
14041 11087
15914 16051
5849 6291
17072 1327
210 748
16391 16390
20563 20562
20460 20878
20922 20909
20925 20914
17651 15677
3742 4745
4970 12186
5875 5876
5882 4603
25184 24974
284 3070
25326 25323
20918 20911
9659 9414
639 11111
2902 2674
7719 7550
9475 4759
7550 130
6853 202
8827 20524
7320 8484
5989 5991
25393 25390
1555 1553
5849 6654
7334 7335
857 464
6979 17660
675 164
7670 7671
17714 5479
15910 16830
20186 25260
1089 14154
5356 11982
1669 1668
4745 5412
8771 3343
4878 17053
17297 17097
12855 27293
27788 17351
22206 22205
6492 6709
8209 8945
20548 20549
4361 2389
5747 4754
12555 4787
12076 12666
20883 18260
6957 6930
17072 9637
6487 6486
26152 19510
1503 4358
1990 1736
4407 9796
2953 2049
1198 3493
16228 6922
2371 2367
77 3237
2355 24465
19081 25900
20774 21363
11043 2552
27818 17206
19840 20970
4364 4363
2201 91
6784 7244
8840 4745
25354 8512
10204 706
2111 21516
2355 13740
6660 6656
251 249
87 7954
455 8121
18852 18735
6839 7072
1429 4799
17053 15908
9778 16934
5322 5126
10141 25324
5914 6169
2068 706
25047 15922
27180 27670
5035 8452
20566 20565
5750 4233
17301 17299
3972 3973
6112 1845
20927 20921
23659 23660
6311 7158
2894 2892
18582 4106
19983 16659
20920 20918
15978 16801
21234 26972
2345 354
7327 7253
23420 23499
346 2835
20510 11076
213 212
22364 20901
9417 4230
27849 16114
16347 16001
16828 20475
3555 3553
3018 1628
4695 4694
16140 16058
1345 5033
20622 20944
11130 11046
1924 22645
21885 19977
399 2859
3370 1908
2831 5306
26978 585
3742 2719
22557 22477
22023 22018
8049 9708
20926 20924
11164 11165
11370 15700
6810 26466
3345 9849
22331 23073
1509 1505
1228 5693
2369 2363
12379 2573
25390 25389
17804 18380
5507 22005
2362 2360
765 3158
6396 6302
6486 6461
8121 2242
4855 6214
23016 20264
2978 2979
3838 3837
19983 27894
6343 6533
2312 1842
7427 4426
67 884
62 540
1228 4888
7224 7221
2057 4181
1749 3836
20712 20540
3997 4476
8594 8595
21892 22342
18614 18612
18237 16676
15988 16565
20538 21592
20564 20561
20829 11447
676 66
21095 22183
3291 1237
6790 17438
27041 24924
14067 17653
7839 8140
4953 9135
2372 2364
20919 20910
17478 9080
6535 6487
2841 2842
20622 20623
21628 16617
5938 16296
6496 6495
2368 2366
2648 2649
7298 27828
4274 4272
1293 765
21156 16514
6396 3295
1236 2
8209 8208
21899 9913
7425 15976
7692 7689
6344 6488
1982 17727
77 2608
15014 14507
6277 2004
8544 1903
22683 22682
21778 20361
26477 26642
17716 17717
20994 22844
20567 20562
23019 23018
5958 3540
9129 9130
20570 20567
17728 17727
4165 27094
8294 26466
16391 16392
1359 1253
3758 16355
20922 20911
16698 8406
20925 20916
16514 9817
16402 7361
22232 22234
6455 6453
3366 18231
7353 5388
7218 7149
25326 25325
20918 20913
16792 21812
3298 5938
20883 21858
19260 13070
6230 6227
8771 7412
7320 18164
684 683
25393 25392
3566 6978
5849 6656
20977 20301
18422 4134
9571 5115
20645 22686
4973 4972
21044 22691
10066 5996
4633 23253
4704 4703
9263 7335
1718 98
13657 2952
3855 1496
17297 17099
1731 10361
21380 9148
24591 25360
7032 25415
8252 7597
26926 23215
9270 5365
6018 4842
9663 15913
1506 1504
2366 2362
77 5333
2104 22778
6232 3229
191 187
25438 3890
1028 5033
20796 22171
25395 19506
6046 5964
5134 6636
21567 585
1706 1161
22102 22099
2201 93
8052 16826
4583 17729
19459 13632
7738 7739
18322 21770
6660 6658
26905 26902
10068 5479
89 152
8553 16475
9501 6829
11346 15666
2068 23218
2951 6569
6536 6484
20923 20912
22232 23094
13070 24213
25326 7984
25391 12580
3987 2176
8487 15976
20916 20909
7763 18133
455 19211
20856 21043
4762 3340
1842 4310
5932 748
20438 87
1527 9402
20927 20923
6221 6220
22292 24959
6224 6225
4097 4091
22023 6718
27874 9636
21567 20438
16847 27014
25645 25426
11794 22046
17823 18177
22689 22686
6291 6292
16733 992
10407 28060
3742 4923
1359 6798
21333 21331
16777 16001
15080 15666
7054 8385
17588 10258
357 3497
6926 6924
6798 1491
8827 21520
26881 27042
342 341
6658 6291
18195 19459
8242 6951
7841 7839
11461 15470
20841 21111
22023 22020
21443 21445
17222 16859
1069 10361
2070 2069
1509 1507
2369 2365
1553 1550
21092 22800
4362 1503
26845 27361
4363 4357
9269 16859
19726 26685
7693 7688
4085 4083
20760 21014
16314 16310
6297 6298
1003 1002
8202 17630
4698 4697
21067 25079
4426 6978
8686 8294
5281 5277
1655 12649
17976 9346
6343 6535
541 540
21641 22052
7118 8517
20833 20832
23020 23017
73 4572
20764 22947
16447 15913
3385 2702
11115 11116
11354 11398
6787 16001
2074 16137
20564 20563
27105 26897
7096 25323
6157 6156
23938 23937
2648 4745
7729 1329
2892 2890
2372 2366
20855 26081
6905 16114
25846 19510
10241 2752
8487 15910
18775 24961
5184 3492
23260 4932
8342 7800
18164 8484
7692 7691
1982 17729
255 253
3230 1730
22690 22687
585 26960
21029 21026
22019 6718
17587 7510
14193 22853
26477 26644
18634 24446
12893 16475
24902 25023
3058 6174
20567 20564
1929 1930
20570 20569
7164 7548
3246 4424
6680 6681
6177 6097
20922 20913
2352 7072
20925 20918
6027 6237
10066 10065
25323 25322
5901 6054
1629 1237
2740 5878
24289 24247
24528 24529
7426 7265
16223 7253
6230 6229
1795 27018
7785 5922
6532 6530
1627 2480
7550 7718
1947 7265
10777 7430
8540 5653
5849 6658
21700 21156
8785 17498
10679 23073
51 1536
20645 22688
6806 5355
17731 17730
8570 15479
9327 6827
7415 8553
5076 22778
8440 6775
4844 20442
7709 3294
11242 11155
24591 25362
22020 22019
185 2761
7117 6765
16207 7500
6790 7804
11476 24275
22897 25217
21049 22232
2366 2364
3291 9804
25362 25360
23021 20264
17476 5035
26806 17086
191 189
5619 6680
28072 9772
9501 17435
12893 7415
16847 1794
4878 10883
883 4617
16678 18237
24961 24908
3566 5141
6368 6367
27738 1645
23380 6853
3069 1073
288 2350
24344 24572
25438 25597
23017 23016
26905 26904
27031 19432
7275 17550
26798 20133
14511 22948
21632 22687
1109 18448
21067 25389
21009 10401
18775 24908
8307 20356
20920 20909
824 19218
26903 10471
7146 3291
6536 6486
20923 20914
2522 4179
11508 15666
290 3483
20916 20911
21009 8307
5126 1633
11335 22046
16737 16736
16171 16059
22192 20637
20927 20925
9649 16127
22761 20299
9781 20447
6798 3345
11209 11475
27683 1291
4097 4093
14041 27361
5143 5141
20764 1686
7427 7424
11054 691
22762 4844
10241 3291
9781 16138
22757 20944
8724 9259
7427 1947
22529 20299
5355 5670
3074 3069
11258 17086
3229 1694
1933 1932
17055 8629
4746 4744
1667 1668
10884 2242
16506 2119
16605 16650
69 63
9739 16649
22848 20321
27786 17351
4279 5924
9262 9261
15810 18523
5867 2273
55 249
14075 14661
42 1515
9923 7465
22023 22022
6018 1624
14082 6191
16198 17063
8402 8524
15371 9148
2369 2367
24551 3653
22052 22844
4363 4359
26980 1924
1938 8947
18332 3493
6980 27002
7693 7690
16314 16312
17398 7530
9923 9922
9833 17613
17498 17038
6920 6922
27975 27974
1670 1669
1694 6227
26902 405
1795 11234
5143 6806
6994 8039
79 5207
3344 17040
1216 8817
24398 26836
16140 21915
11450 7954
26926 22346
2553 8553
21357 5033
7432 7110
24898 25065
6812 7365
7875 11063
5091 7676
3366 26490
24216 24213
5748 4233
7096 25325
3173 3171
25254 16446
17313 25047
2517 3769
2749 9488
2372 2368
6572 4387
3237 6310
9572 9570
6875 9528
14118 6978
1048 7647
3445 3226
8945 16992
5531 13401
1908 399
3010 3005
2621 1732
3839 2069
7738 16440
22690 22689
18842 18843
18195 10401
3563 6227
10001 4970
2389 1503
15353 6972
6636 6492
456 3318
23253 1982
3104 23325
585 20438
7999 11088
2517 18132
9778 9772
20567 20566
25412 25504
6833 16310
20308 22557
19223 2067
13109 12547
20913 20910
6163 6164
17221 9269
20922 20915
2337 2336
18582 11052
22021 22018
17959 18014
8362 8817
20925 20920
5894 5895
7597 5981
18214 18240
25507 19483
2068 2067
20447 20477
451 449
9330 9329
3246 13070
11346 7697
8581 5306
4878 8294
540 4025
1708 835
20694 22461
2719 1633
21002 8698
20645 22690
380 1979
5142 7148
9563 7335
7095 4413
1978 7906
20661 20540
11449 11450
6452 8858
2371 2360
8674 17911
25067 25064
17342 7131
4585 4584
22688 21662
3370 3498
1097 815
2352 19464
6535 6533
17951 9346
21049 22234
9275 6881
15080 7697
7709 9015
27204 15700
4360 4358
7128 1570
6343 6484
7690 7689
6765 7116
19540 10471
21057 23936
3566 8405
3854 3853
3073 1073
3566 5143
16605 9739
3071 3070
8202 17942
20927 20914
21632 22689
26936 23223
21067 25391
9778 27786
27002 26960
20920 20911
6643 9583
6536 6488
20923 20916
1732 4025
7361 15232
6881 7425
17479 21620
1228 7646
19189 7867
19208 12081
20916 20913
2103 11552
18619 840
3742 1531
6228 6227
20577 18414
8193 7518
20971 20970
12893 6854
1730 6207
6843 10408
5388 1527
4097 4095
5340 6411
7427 7426
26856 26855
119 8275
5507 23032
16847 27018
21026 21027
16657 24908
3566 6795
8163 6713
6401 1028
26650 8441
51 9982
3074 3071
17804 5070
26733 5177
13126 23657
22761 22529
4425 6152
3853 1496
11335 11794
26642 26643
20926 20917
11711 13542
9737 16605
16792 20945
1491 2124
18810 11472
96 27229
4281 4279
27763 15908
2517 4442
6234 6233
1253 4403
21049 23094
3246 24213
1982 8484
8540 3387
16447 16830
21813 22443
22475 14951
14082 6193
20475 25195
6797 9500
6487 6534
5322 2825
251 55
23732 20585
525 523
41 1642
6568 1396
7693 7692
21001 2916
3366 1633
7023 15976
235 21779
5577 23359
235 87
5685 5105
6101 9221
8484 206
21271 8230
1372 8514
3387 6014
7905 3653
25389 12580
9777 1296
2368 2359
16844 6922
17504 19046
12998 12076
6912 8803
6170 5914
11354 4168
19895 27090
16475 7735
6950 8240
18744 18849
2372 2370
23358 1903
4095 4091
21944 15691
16048 16154
21700 9817
7864 15908
16230 6776
7283 1633
22096 22097
3010 3007
20570 20560
6438 2480
27001 24282
4403 9697
22687 22686
20925 20909
2780 1619
11525 9782
4778 4777
3264 5115
2796 2795
7425 17271
1730 3229
1840 1411
20960 10700
6170 6169
3785 5460
4844 20299
17258 17259
6833 16312
21729 21727
20913 20912
7419 7253
21307 13632
26845 26936
5945 5943
5621 11481
22021 22020
9781 20517
17866 7171
17220 16859
8881 3493
11147 26845
25216 22948
21278 25066
6860 11059
4585 19378
6216 6298
4361 4357
20645 21632
11324 11323
4584 11461
26905 10196
20734 21862
2068 13975
4697 4693
21334 21332
25506 25504
2740 2741
7943 1237
20994 22166
17240 9876
6097 6175
1942 1943
22212 26152
20519 22058
1770 6037
21112 21111
6460 4951
22760 22759
6231 5882
7500 17296
8710 7421
20882 21063
10700 15673
21965 21966
9419 16219
6776 8570
7149 7095
5907 5906
8570 10235
1493 5355
2608 841
6436 6435
1253 10069
2890 3156
14892 9742
25067 25066
1554 1551
4745 7985
2763 7023
4364 4358
22166 25231
6231 1694
17651 21888
4953 1491
472 1933
16216 6920
4407 9804
5749 5747
19081 20768
3001 3000
9951 15918
3291 7943
6842 7072
3876 16446
25023 25238
5850 1076
8497 11059
3762 4266
11476 11460
23024 23023
17475 17474
2967 7445
7424 9275
16920 7803
9683 5149
15909 16804
9125 7073
6422 4806
20927 20916
15694 20299
21067 25393
20920 20913
24213 24214
7465 9922
20923 20918
6790 18909
6210 3058
17109 15673
6798 5672
20264 22679
20916 20915
6840 6837
7877 6833
22100 22099
21443 21075
21892 20901
12383 12756
17943 17942
3007 3006
1832 4271
5672 10148
3209 925
8487 17271
22762 15694
4140 22897
11476 18589
3058 6125
16650 9739
26820 17778
16992 6470
3074 3073
7427 7549
22761 22760
20373 20356
826 154
5653 10148
5999 8341
3118 3264
27783 27782
2244 2242
20378 17438
18666 7144
20926 20919
20475 25184
6797 9489
5726 17493
23095 22232
3246 19893
16777 6787
1770 5971
992 7626
22529 22760
8193 17682
9820 21156
5910 5909
6181 976
7713 11043
3246 24215
7113 7106
20840 27123
12756 3430
4225 3827
20372 20373
23974 18013
11257 7954
7509 7722
6205 1454
20683 20945
11084 4993
6135 1395
16391 9245
8714 7073
17695 18216
4694 4692
20855 4140
17731 16863
17732 17731
7424 6981
6366 6367
19032 25011
3498 357
7118 7463
17493 21357
8360 8359
17688 27194
4389 1733
4933 23259
8629 16131
20996 20186
1153 1154
27356 23210
2372 2359
17297 6785
21271 8232
7530 11177
9887 9572
1508 1503
2368 2361
22208 16140
20338 11181
26798 20071
10282 9549
6887 17342
2245 10777
5995 8544
20802 21380
6950 8242
27782 15976
17553 20337
5322 7283
23023 3413
21307 21781
1069 9804
4878 6983
4095 4093
10407 17020
2181 17787
6045 6042
21249 22190
25645 3890
11187 98
6715 6547
2517 3894
21746 7720
3010 3009
8570 16035
6413 1486
20570 20562
23018 23017
3072 3069
14637 3238
8570 8572
11041 690
17053 8629
8164 4888
6115 6114
20925 20911
2226 2496
6661 4567
6786 7716
3653 8605
15696 22133
9737 16649
20917 20912
7547 7548
6193 3940
26490 5126
3742 2648
24551 14074
9501 8192
8021 9804
683 682
7697 18082
20880 22723
1008 4939
9556 18186
2356 2353
1555 1550
6568 6567
17479 20764
17493 10082
3209 3208
5041 3445
8674 17660
7421 26670
20702 23215
7144 8605
8570 9874
4361 4359
1633 4745
3566 16664
23217 706
6638 6639
8771 16401
23571 19893
4697 4695
7415 3298
3899 3897
20977 20538
7106 7158
26870 233
8487 2763
1620 1894
8883 17258
17221 17220
1020 3555
9660 9221
9663 15908
6132 26550
21009 16676
20685 22887
23936 11144
6097 3
6570 4387
5945 6550
1554 1553
18985 4201
4484 1796
1531 7985
22101 22098
4364 4360
3002 5964
24455 24662
21112 18322
6837 6838
3270 3271
3008 3005
21577 21576
16216 6922
4697 978
6806 10154
17477 8878
6486 6537
7697 17532
7627 992
17504 14902
3263 7432
9475 9804
182 1543
8497 6860
18909 17438
12510 18852
9271 26670
18824 17559
6460 6605
1171 8823
9571 1527
6427 6428
10319 10317
4360 2389
600 605
28073 17038
20927 20918
19436 10394
20911 20910
8487 16092
1753 1752
15908 7721
6902 7596
17479 20685
20920 20915
20426 20343
22454 26184
20923 20920
13690 480
7863 16615
6554 11464
2517 9668
19080 25900
6840 6839
16347 8643
213 209
6571 6570
3668 4703
8222 8223
25859 20361
6606 2363
3758 2418
25226 25558
8039 8452
20036 23325
1730 1192
17822 5236
3598 3597
20531 21052
25195 25161
15913 16830
7209 7207
16513 27900
1491 8531
455 3246
5169 20947
1028 5996
7345 17052
2067 706
9772 27786
2314 5013
18222 16847
9260 8686
15909 16243
7943 9804
3104 3102
20926 20921
6176 6175
6797 9491
639 2895
24380 24059
23095 22234
2369 2360
3707 5997
22686 21662
460 570
5322 4923
3074 284
19437 27974
16643 22896
21169 21150
4698 4692
26821 4610
6797 9854
9819 21700
20378 18971
28060 17020
9257 12548
9737 9738
3246 19211
1291 20338
20855 22693
17617 17867
2604 267
8359 1491
5901 5902
18422 1527
2372 2361
3595 12427
7276 27356
21149 21598
7906 8275
11201 803
6304 6551
17055 17053
21067 25437
21311 25834
2621 2772
2368 2363
6536 6534
20733 20838
1359 23747
6507 6506
6344 6485
10205 407
25326 10141
5995 3298
4878 6985
17936 14829
6045 6044
10949 5412
25608 11180
20570 20564
1228 1060
3072 3071
11364 18836
5053 11015
16509 6545
20563 20561
706 10225
20925 20913
25645 25597
23095 23094
15451 7550
5055 1117
25326 25322
17477 9080
20917 20914
16613 24924
1732 3279
1732 835
1253 9697
17476 8037
7415 2119
27738 96
4955 9409
1555 1552
17716 3969
2979 2977
4586 4587
20901 21212
21386 22947
41 3553
20535 20825
16863 17730
11084 11453
18971 6790
4844 22760
7444 8081
19211 3244
21149 21169
18014 18013
9095 3318
11268 11166
16230 8553
22238 22237
7137 8954
11862 8643
1432 1431
1041 7171
20760 4970
634 633
16010 17302
11442 11440
69 595
5177 8653
4245 456
2366 2359
21166 22812
24961 25011
6487 6485
4633 18244
3566 18076
3921 517
2267 11398
3069 8
5856 6093
992 7817
1503 4357
6181 6415
7647 2387
10700 22443
23260 18740
8643 7721
7185 8863
26438 7421
7016 3429
22101 22100
11476 24512
4364 4362
3246 728
798 19184
7975 7972
21276 21465
1619 1620
7095 6876
27401 19253
18775 25011
25426 3890
26960 11145
3008 3007
6660 6655
6436 2480
1717 98
1978 8275
10401 20588
7117 7244
4995 4996
8126 7444
20923 20909
19894 3246
4364 2389
10141 25323
8963 1902
9849 12383
1475 420
5914 6168
18322 20841
16792 20683
6761 3566
1978 1980
9820 9817
20461 20447
20927 20920
2894 2891
7510 10221
6875 3294
2052 2050
6231 3229
20967 21258
27681 11268
5685 9849
20920 20917
3229 6227
20923 20922
1938 4136
20461 16138
17956 8194
21591 22778
20634 18281
2074 11315
23210 27337
7139 7137
3011 3008
8517 7463
16988 20756
2090 10276
6042 6043
7353 6837
11656 13707
19103 2356
27166 17066
25067 9581
16777 8643
11354 2267
22645 20361
22691 22692
9697 1250
20926 20910
8487 6887
4695 4693
26379 2090
9804 4759
2067 23218
18380 5236
5674 16506
21107 21106
17479 3559
16921 11145
4794 4793
6981 6978
14892 5116
6592 17719
73 823
16412 9403
19726 10575
20926 20923
7709 2405
20538 22504
18783 11116
6488 4951
26898 27743
2369 2362
20702 22346
7707 8896
16229 6922
6535 6460
1633 4923
7445 8896
1552 1551
17961 1330
3203 3204
4220 333
16048 7032
6229 1694
18381 5070
20524 18260
17966 6777
6486 6460
1567 1566
20867 16384
16643 22898
4216 1796
5509 5919
3838 3836
4698 4694
21592 20760
6176 3
18679 2670
15960 6811
9906 8674
11147 327
26899 26897
67 883
6787 8643
390 75
10192 1568
16447 15910
21154 20884
20491 16110
17275 22185
20802 22647
9748 3742
8120 8674
1024 18562
6007 8653
20564 20560
3218 24106
3246 6152
1411 6112
6239 2516
2372 2363
3542 6150
25846 26152
6874 8396
22443 16792
98 11055
7574 7575
11201 805
2368 2365
490 11286
22896 22897
5062 18287
22776 25232
12893 17398
7692 7688
22206 20649
6344 6487
8581 2831
255 250
6314 6315
652 2057
17398 6854
3078 18982
23025 15211
9262 9766
23025 23024
22703 24959
7597 6902
690 11064
20567 20561
7140 8878
20570 20566
9778 17351
1024 2952
8570 4375
18424 19092
6093 6100
20922 20910
17651 20337
26875 27037
20925 20915
4168 13714
20924 20919
1527 6434
7146 10241
8878 9079
17109 16792
25326 25324
21567 87
20917 20916
20883 5053
6860 11052
21278 22844
21723 26907
3921 4573
21780 21779
3 6175
1718 5332
7516 7421
18195 20329
5907 6704
27713 11180
1543 1544
7974 10221
19483 25505
27783 7425
1555 1554
5340 1345
16571 16685
3839 3837
6133 1395
73 4261
4973 4971
2103 6728
8360 6887
1287 8505
5134 8945
444 417
4704 4702
7425 7023
16820 16234
1089 14155
6230 4603
11340 11273
8771 3344
9577 17966
6425 2563
24963 25231
6806 17487
1632 18231
5091 8881
8643 8649
22760 7947
1506 1503
21278 22052
2366 2361
3073 8
23258 18740
16207 17296
922 1223
77 5332
7425 7265
11147 11120
15988 16848
11155 11240
2941 2942
701 702
20796 22170
552 4743
5674 2119
19364 8025
17617 17695
16001 7634
19840 20971
14511 22824
16140 22207
9275 19950
7975 7974
7718 15451
5196 7863
7766 16431
4970 9772
18775 25013
17487 1491
18740 13126
20568 20562
9402 5388
20927 20909
5196 16615
12510 18735
17729 206
16389 16387
51 4245
25010 25009
5847 6261
2068 23217
6715 6714
8455 2023
20923 20911
185 4181
25426 25597
6956 6776
16137 5670
1496 15528
16402 27818
27327 27361
8484 7275
6606 18448
9820 9819
20927 20922
9649 7722
3229 6229
6794 7020
21233 27731
7719 130
5306 12420
3011 3010
62 4474
6875 9015
26870 26869
22005 5508
26081 22693
21527 20378
20926 20912
7415 8363
5412 7985
17976 15506
3 6122
9490 9489
26937 26936
6171 6172
342 340
2047 1024
21278 24898
8360 17559
7042 17018
7947 22759
22023 22019
20926 20925
1268 18117
17717 3968
8540 10148
6522 6523
16258 16256
4952 779
11374 11097
8487 7023
7265 6981
20511 20538
7096 10141
16828 25161
16350 15966
6773 8441
19364 6791
27763 7864
4695 978
20364 11335
4698 4696
23253 206
22718 26960
18244 17727
6343 6534
7905 8896
22192 22191
1903 17594
2430 78
2337 1836
10141 7984
17222 17221
16312 8369
6661 6291
11052 11059
5897 5895
9804 9796
11128 24115
6547 6714
25392 12580
18614 18613
3566 992
14212 15147
19000 13401
6488 6484
18679 26821
7096 25322
2363 2360
23938 23936
26821 17688
6780 6777
2372 2365
14511 25215
3471 3468
7032 16154
11411 11234
1746 17071
20539 7794
6256 6255
8342 7799
3699 5964
7991 8215
255 252
25013 24961
3002 3003
22690 22686
8406 7676
17055 16131
4878 26466
25232 25005
7043 10398
21593 21592
2356 4319
5693 456
22096 21166
8476 16258
18310 20901
26477 26643
18634 24445
18424 23403
27782 17271
4730 4731
20567 20563
17264 11178
7783 26773
20570 20568
1329 16651
4567 6659
1327 9637
7368 7017
11834 12639
6502 5856
4275 4272
19378 2352
16736 17559
3345 7556
6027 6236
9951 5617
20924 20921
21937 22812
18661 11049
9182 8260
22156 20375
2953 2952
22560 22939
7190 7253
690 691
19510 25260
17578 10267
6329 8385
835 2772
18742 18743
4134 6790
27276 6980
5882 1694
17108 6827
10626 24522
20994 20993
16828 24974
229 225
2355 4615
27763 9663
2470 4272
13707 11055
20645 22687
6755 2090
4610 21779
18073 18072
26089 22184
4610 87
11552 6728
17723 7867
24591 25361
5388 9887
22020 22018
17487 3345
21787 21258
7704 26977
20378 18909
8360 7131
7596 5981
1506 1505
20299 14829
2366 2363
7135 6000
1028 21357
21888 17553
191 188
7017 17500
7709 7147
14778 21477
21522 26184
841 18619
11566 16825
6955 9573
3345 5141
6368 6366
21001 8698
7738 7740
16614 16615
17487 1493
2874 42
21555 22052
7581 7756
6660 6659
26905 26903
4972 2909
20568 20564
20927 20911
21632 22686
6806 5141
16645 8209
27108 780
2772 4353
8052 3298
6536 6485
20923 20913
4878 9259
10099 25330
21150 21077
20915 20914
25013 24908
15211 3413
9221 17635
16229 16228
7327 7364
10700 20945
20927 20924
1978 119
4097 4092
2675 2676
18216 18217
21357 23073
456 4888
9506 15673
5134 9686
541 4474
6101 9660
4403 1250
585 87
20649 22205
18284 271
20490 21394
16110 9581
15211 23024
8441 6775
20926 20914
6116 6117
3245 10884
3078 3079
9490 9491
2119 8823
17447 18133
2057 2761
20960 20683
16685 2763
3345 6806
22511 18685
16921 11378
19260 24214
26898 11411
7841 7840
7783 27312
3345 1329
11051 11335
357 17969
8602 6827
858 464
7022 6811
4577 3119
27671 27670
21520 21521
9517 4130
21003 21002
4085 4084
16314 16311
7427 6981
17684 17685
4428 17898
10394 27973
1670 1668
20833 20712
7206 16323
11457 27204
6091 6544
18244 17729
7689 18133
22757 20622
27683 20338
11346 11508
22156 14511
3249 6306
6920 16841
15829 4201
6606 1109
6488 6486
7096 25324
1503 1504
7500 16783
2363 2362
3104 20036
7581 7582
8441 8440
2892 2891
2372 2367
3471 3470
3203 5907
24551 24552
1694 4603
26877 26832
5184 3493
2090 1570
21311 25251
3246 3244
2874 5587
24129 11209
6661 6656
3566 2404
23021 23017
255 254
9131 9129
21486 11144
2161 2160
5321 1633
11442 11057
3345 3344
17054 15908
8613 8385
