28085 9160
16623 16624
6827 26731
15903 11316
16106 16105
11689 14088
2340 297
5142 10154
12439 4457
22789 22788
2951 1848
8101 8102
12273 12274
15136 12756
21581 21597
4413 18797
28069 28068
3135 3133
11601 11881
13070 12029
12757 5153
13839 11079
850 4991
9889 6956
3146 3147
16755 16756
18422 4353
5657 5658
7938 7936
6185 3828
2068 2066
17382 25256
25394 25203
11549 11546
9417 6853
12173 15611
11922 11828
19561 16448
7510 17059
9330 9328
954 2954
22857 21363
961 11746
21690 20025
6492 23842
1529 189
5882 1696
1485 3529
7171 9083
6357 6355
2193 4784
16305 16304
11072 24281
26876 26875
6955 25414
5062 12372
4412 4413
7357 9889
2226 652
433 3790
23894 7867
22818 20711
346 344
6960 804
4227 18596
4844 15303
12808 12809
26716 26714
12590 12586
3149 3148
3298 17500
17961 7697
5134 6855
16873 8601
26286 10807
11960 13587
9520 12188
20898 20896
4585 4583
16847 1903
19551 1840
453 483
26426 9511
27353 17778
20730 25900
13452 8161
25686 25687
16308 16305
7690 7688
5730 5731
11578 11576
3324 8117
14210 1545
552 546
10285 20635
12749 11774
9021 6855
2937 208
2546 2538
20022 270
6283 4567
25459 25536
9978 2398
22101 4844
16664 2734
12687 6880
2177 15917
1903 16846
6827 9511
12681 420
20794 22599
394 495
11928 11931
15909 16801
2074 7804
691 489
24898 27576
26945 145
20132 27620
7003 7000
21899 20817
1180 8759
9810 8341
612 610
6418 9464
95 91
11584 14723
23913 19223
7509 9208
3629 5144
21734 22820
22573 22572
11814 13909
12893 6961
28037 16679
5866 6628
563 546
6452 1770
24732 22645
12399 14010
6857 9403
267 11286
5901 7265
16746 2907
15727 3453
26790 11066
21881 20601
19080 20768
4082 6149
22123 22120
551 549
16058 16469
957 2957
24793 11378
21773 20775
17493 8964
2090 9343
6629 6627
15478 2833
15136 8731
28063 27941
18797 5554
1228 2639
3408 6851
5218 418
11055 18448
235 1925
25490 25491
9565 6806
3400 3203
10192 11105
13728 13144
7663 6776
13043 13041
12943 11871
27383 26869
11043 7713
12094 12111
3001 2676
16123 15938
3085 3084
15726 4224
444 463
28063 28062
11718 14978
12076 12471
11145 11144
26081 26080
7308 7716
27502 27500
24193 24191
6828 4635
9130 3323
6128 6358
6587 6643
20490 22685
7357 6790
21881 24936
13060 11759
23948 8037
11709 13818
23432 23433
5062 12198
22259 21849
1060 4236
1364 3415
21357 1746
2443 18906
16746 6545
21642 22789
14213 12088
8551 2461
1840 1839
8009 16407
6956 16137
1692 921
6361 6128
3553 6585
19356 2353
15978 16243
7415 7791
299 997
1491 6795
3385 17968
18290 8156
18532 18535
25471 25467
15101 11890
21444 21915
17865 8165
2405 10225
6411 2579
22476 26906
7135 1627
6798 17025
548 546
8503 9573
18856 12889
19024 18889
18596 921
2240 739
21120 21121
20855 21641
314 315
21012 2111
25358 1215
2173 160
27986 7509
2478 15025
9754 10208
1507 1504
11679 14315
848 3790
18717 18715
151 149
2513 19341
20389 20390
6418 8351
1203 6354
1516 2613
8084 28032
3235 3232
15584 11848
13289 1233
1692 3512
28066 9208
6088 5857
16103 7165
1024 6207
13065 478
7113 6782
652 185
26286 26285
6747 17278
913 2175
11599 11824
3298 16884
693 18912
25414 23323
2997 2892
554 552
3566 1359
14923 8961
1527 13072
20004 20003
12635 12800
21218 20901
1153 3742
7567 1633
1469 1467
2859 1093
6981 489
5871 5872
19779 19777
16257 6827
21714 21189
11482 11481
11860 12107
14912 14033
15877 12204
4556 4555
11877 12461
16139 6956
11600 4010
15791 11871
5509 6772
17331 1908
2957 2954
13091 3459
11476 24131
8304 6827
11724 13350
19459 21650
10225 10061
26323 15805
2478 3629
5439 5437
12367 3549
3053 5523
1491 16407
21067 22788
13044 13038
20559 21564
27592 25354
17448 7690
11989 13109
4419 4418
26285 20774
3894 5765
11164 15884
3170 11827
2639 1345
13987 13557
1668 2834
1795 431
6411 1345
1152 13571
992 10135
21112 21110
1544 2017
15871 2845
26958 235
23382 3264
19142 11460
17326 27941
4505 5222
20695 22404
1947 2141
6767 6763
3339 14874
12590 12588
7123 6812
1283 1279
16293 7799
21903 20683
27868 27867
20354 22461
26285 22184
27678 27743
6758 7064
1633 24703
8272 2067
11592 11621
8519 9343
6769 6930
15972 15971
17997 18323
1645 96
67 1173
17484 8878
3322 8117
16102 17249
1449 11003
13452 8163
21881 7984
13090 14163
16308 16307
21218 21869
16709 9003
25468 25466
798 19300
2344 2958
6287 4567
13852 14671
3861 3857
12453 13993
3876 459
11061 11059
552 548
7867 18354
2830 5332
27137 27136
1730 6182
20693 20442
16152 15915
2546 2540
11509 26912
12108 12911
7244 7465
5356 11763
16104 16103
27991 16323
1097 4441
22859 21908
22494 27408
27970 16614
89 386
11408 11409
3745 2756
1838 625
1416 13993
5053 20514
1543 182
3566 8877
1173 1174
375 376
3950 8759
8827 18345
21386 19601
3469 3467
5053 7803
16108 9176
6361 1203
12283 2833
11097 233
13560 12647
13479 13476
2021 17082
230 12682
14330 12299
27307 26900
212 210
2356 2513
556 545
2090 7238
8731 12756
12453 1416
12479 385
17550 28038
2149 27066
1276 2820
570 14443
3836 2069
14202 1389
11125 14453
2639 18299
4866 4570
5645 4308
6088 6046
22123 22122
18322 21091
20321 22259
18785 3065
7709 9742
519 518
6747 4635
563 561
28063 17326
5670 17025
3363 5124
24971 16755
67 18824
9506 22443
27593 10237
28070 28067
11713 11711
2603 3800
12004 11136
8033 7708
20472 20711
447 2722
20475 25183
24573 11124
3150 3151
12270 14638
6181 6223
4987 1022
1253 1250
12479 18949
3247 1808
20472 22818
19483 25687
12293 12299
11517 3676
3203 2381
1844 1839
9806 7378
6599 3851
11717 3966
3217 3218
1389 14212
13572 22122
11525 11380
16306 16303
20323 20601
11101 11052
8351 9464
4923 10176
314 304
10502 20034
22176 21385
13788 2125
27406 17311
5436 80
1117 3553
20768 25310
20022 4286
1635 12524
25240 26216
5091 1479
12094 11550
12591 12585
7632 16664
467 24732
8945 4029
2684 1950
13955 12747
7635 15915
478 3458
78 1767
3887 11549
11798 11636
883 474
7510 10258
8602 16872
93 89
17530 23759
12215 14176
25640 25224
27822 27819
17226 26731
9 3101
19952 2069
1507 1506
992 4029
2208 7969
4557 4554
1630 12193
19174 18956
2068 20003
6798 1283
7639 18666
14970 14014
3982 7706
7146 5901
6402 6423
1278 2558
12566 12016
5236 18290
11374 26863
1203 6356
3235 3234
7123 7122
24793 11072
1832 111
16107 7165
17785 22241
6018 3400
7510 5023
2219 2213
3577 21778
2478 13993
1069 3508
22010 9980
11055 1109
16152 17151
8032 12423
5053 21858
18643 24113
8427 10185
20530 21778
25394 26241
26365 9668
12275 13213
7663 9974
11816 11881
4560 4555
9066 10064
5062 1275
652 429
2352 2984
1505 2065
22571 22569
26285 22857
21729 21728
11707 11601
1276 14781
660 1717
21278 25175
9021 6470
1359 5101
2957 2956
77 4025
23894 18354
5672 6014
20384 21471
11366 15859
22695 16983
3263 8102
221 219
1031 1485
6979 6810
2478 1416
23213 24493
1624 6725
3876 3118
17586 25669
19780 12029
19174 18635
13852 3680
6359 6055
13044 13040
5787 14874
23363 8114
692 11481
1191 53
552 6711
2680 11965
15803 3723
19223 10246
684 222
2984 2513
7834 7832
7206 7509
6361 5956
24452 6930
847 859
20490 20540
3207 11603
18906 2618
7799 1314
8167 3696
19853 4155
733 19187
23207 23119
7146 7579
8713 6838
2068 10246
6767 6765
4566 6402
16104 8158
2608 842
21586 22550
15731 15726
11816 12149
24114 24210
1425 5831
2618 18913
21307 21822
17668 15935
20615 20777
5423 1485
16221 7632
11845 12032
35 5158
19551 1844
14740 11042
25472 25466
561 249
478 480
2604 11286
221 7240
10160 11707
12047 15815
1903 1561
21468 20585
18629 19706
5290 1491
20779 20777
12620 12186
11875 12032
3861 3859
14261 20025
21009 21468
9425 3566
552 550
11599 11639
6344 6537
17485 28070
26502 7150
1276 12366
7697 15666
2546 2542
16902 16903
5025 9036
78 1835
9833 9632
25195 20475
68 2544
3591 12198
22787 22788
12723 14650
3598 16294
6905 16524
6112 1841
21579 21597
6578 1082
1619 1980
16665 8157
3166 20020
3473 3467
24936 20601
3756 3755
12623 12618
10575 7064
9668 8346
7863 16614
20946 10700
7064 8007
16188 17509
20349 22724
20323 21045
12104 14389
2021 17084
3291 9475
26287 26284
8732 28030
23913 15147
3903 2125
556 547
11584 11586
21616 22135
555 551
1527 2404
558 556
2165 2166
1087 1085
17249 27819
7144 19384
6920 16229
456 9095
132 13401
12417 11708
11584 11707
16107 16106
13098 13089
21026 21030
1635 14136
26185 20880
4707 6363
6897 6796
12453 2478
2494 247
6793 1491
28070 28069
3769 17828
7991 6545
11155 11156
12803 12804
14261 21690
7140 1491
23913 23912
7709 2402
12588 12586
17505 17141
4224 15146
21557 11109
20514 17677
7459 5674
1753 2585
20749 20469
1770 1771
9780 16655
8006 7240
3493 3492
17668 23211
23842 5134
11708 12429
1832 1831
7707 10061
8603 8398
8567 8704
20770 21696
8819 16509
5996 1345
16306 16305
11101 11054
10104 24191
18009 5316
16456 17003
22507 20504
20898 22231
4892 6627
608 524
8037 6795
19591 682
11875 11845
5807 5731
806 18710
21212 21869
11835 12712
10163 7509
5925 5952
3203 5658
21246 20470
2544 2538
11052 11054
16957 6853
5854 7240
20323 22939
1838 1366
7596 16888
27276 27002
20901 21869
2330 1010
5134 9021
14829 10388
5911 5909
12521 8879
12591 12587
6141 6142
16837 16708
3836 19951
3595 12426
11814 4264
16846 23358
9774 27941
21862 27626
93 91
27822 27821
4545 4546
16448 573
27085 881
1008 6779
199 194
4557 4556
9774 28062
5864 6628
16139 8570
561 546
456 35
2845 8033
12225 12506
20538 21012
14446 12289
3742 12193
75 2531
5288 1449
10160 12943
11592 3181
26 5756
16846 8553
4375 6592
6185 4855
2406 14200
7986 12417
3566 6719
6045 6043
2644 14257
11406 1449
4652 6348
7864 7509
1389 11557
4709 27298
2543 2541
17083 7863
8375 7395
5880 11281
841 842
28061 27941
15353 17702
8053 8054
4353 19907
7509 27818
15596 15595
17428 26183
5074 8040
20034 10501
1624 1345
20683 20975
11537 12239
17309 17308
4560 4557
8808 7519
7877 16580
6357 5998
2341 2339
11146 690
17084 17082
12822 22550
8092 7470
2013 1692
5842 5939
11774 12946
11366 15861
15607 21099
18013 7867
11460 18906
2159 2160
11476 2443
8903 4652
701 1612
5062 12365
1664 1659
7663 6956
564 560
15780 15779
21586 1773
16427 8945
19952 19951
3318 2792
7166 7547
2753 2754
7412 8771
9543 18194
12946 14951
13044 13042
11578 14589
26285 22054
3529 6395
2280 63
12453 14789
24098 14456
1531 1665
3647 16738
17688 21639
6596 6643
5531 132
17187 8296
16746 8819
20890 21523
12108 15693
16665 28078
2540 2538
27518 27516
20768 21045
4311 5239
1215 5229
1505 1504
16131 10064
11128 24165
13672 13792
15731 15728
11762 11915
981 982
15966 16268
21279 16622
25902 20730
4311 4313
6429 477
5843 6503
3233 3232
20615 20779
2604 1718
9849 10154
13439 15139
22857 26283
25472 25468
12406 11549
20323 21021
11875 12852
1561 16846
5726 21537
2474 14332
1491 8156
16953 16951
456 1258
11961 12222
6044 4520
2546 2544
1171 5670
1686 20345
27823 27818
5388 459
12749 12948
22208 21915
16106 2153
26981 18383
963 4445
11814 11916
806 1758
11861 4528
23211 7253
16993 9974
277 15902
17550 7384
12985 8879
16643 6414
4554 4555
10225 2402
3473 3469
269 11059
1836 933
3756 3757
11596 13800
7078 6776
11816 11817
11592 12109
3053 2065
16986 16323
859 429
1115 2341
564 252
160 162
16350 6956
27764 6956
9417 16350
560 547
11860 12045
12108 11881
229 1430
4709 6950
26287 26286
20967 22775
11766 12117
433 442
12681 12682
9805 25736
478 13690
2049 3040
555 553
21084 21081
6050 6805
3088 3082
3485 1735
11772 13221
5854 221
6761 8479
21330 26856
27498 27495
11259 24192
5840 1454
5685 3566
27480 25640
433 684
7244 8074
25232 25202
6590 2891
1152 15832
6787 15971
25902 25899
717 3597
12989 11993
11960 3715
20314 22344
2578 11853
9782 20517
11194 17687
7704 27135
3623 7805
2544 5560
19847 19845
24160 27403
7113 8385
17587 5023
21010 21680
21010 17479
8649 15915
4500 386
456 1058
26241 27593
3604 7684
12812 12868
24066 20049
16058 22207
4484 5222
7791 1251
7123 6979
6359 6354
8 3793
15705 1151
2027 12746
2488 6725
1980 3811
1345 1314
2312 83
6857 6981
7521 8193
7587 1902
314 308
4892 6629
19649 15672
2544 2540
2478 14789
3203 4842
20876 20875
111 4271
16102 7509
20006 2067
1082 3950
17085 2021
22464 27575
3501 1008
21690 16140
8296 4405
15859 15860
11652 12633
12591 12589
5851 6311
5085 13453
10575 6758
2618 24460
17187 4405
9774 17326
6539 6540
6857 11316
990 991
16600 16366
11373 11060
11599 11817
21581 21579
25469 25467
6344 6486
20538 21014
2818 9824
21139 5433
16309 16567
5577 25232
554 545
149 13557
7702 15922
10366 7415
5820 4988
24620 24209
2153 8158
6182 5340
24793 11076
20644 22837
15787 12146
12296 9126
11656 10486
13875 13872
1365 3739
7986 3680
467 145
2355 18707
8873 4641
6719 2404
8202 8674
7073 6837
28068 28067
2838 14919
19537 26774
5388 5078
7509 27820
445 2722
16857 8397
7708 15871
4486 1190
398 395
3470 3468
2049 2048
21780 3577
7941 7936
26899 27743
4560 4559
8808 7521
11774 13874
6841 6837
11760 11761
12620 12619
456 6937
21780 21778
4236 3644
2443 2618
25310 25958
25883 27577
20644 20756
75 1849
22171 25312
11707 11834
453 452
16664 8877
1268 18866
25494 25486
1020 41
4864 18906
1836 4505
5275 13256
3318 4888
11774 12948
10160 14368
11366 15863
6007 6008
4146 12395
3291 5465
5851 7158
3345 16776
2413 7936
95 4019
10163 17002
1664 1661
4131 4129
564 562
12336 6686
24806 20022
25195 16828
17591 1171
2105 4787
16098 8479
1838 2228
17478 8878
6827 5868
3938 3936
6806 8963
21385 21383
16058 16664
2517 8114
13387 13383
13879 11859
7509 17458
5854 6008
2996 420
12589 12585
27234 26820
19974 356
2591 2586
6460 6461
10385 2125
5150 21087
4375 17829
3377 13294
12367 14872
12076 13942
1023 13921
2406 12605
4824 4823
25229 25056
11955 13652
1293 684
15953 15951
8035 21072
8497 18622
1469 8265
8896 10225
15924 15923
12696 13771
1411 1844
21307 21934
4353 7574
12164 12715
27870 16952
15731 15730
24191 5479
4434 1268
6013 6014
4134 976
1421 990
1276 2558
4352 4353
1543 1101
6969 7519
5025 2611
16445 16655
7864 17002
25472 25470
17467 5039
12722 13248
20786 20784
6418 7123
377 1075
6930 8695
27746 27745
1436 3082
484 2635
6956 17500
18971 4134
6419 6944
1228 3318
6969 8808
21122 21120
13452 14935
21863 20300
3087 1436
3742 1633
26876 20133
9352 16237
19288 20699
27823 27820
17309 17002
9916 26374
18383 11144
7357 27764
3746 3445
4558 4555
1010 1001
5865 6627
12621 12620
6003 15902
3473 3471
21899 22451
8006 6868
463 495
5577 27515
696 9822
12109 3181
6956 7017
11054 10486
8031 7800
18132 5388
9080 17484
11549 12414
10575 8007
5540 11539
13146 13013
11890 11889
11931 11927
28075 9974
12821 14650
6791 6805
1832 4734
26241 25354
6357 6055
21084 21083
693 19444
27502 27495
28075 16511
3088 3084
15596 12511
5854 6868
5437 2564
8549 4770
6128 6353
4844 5433
27498 27497
682 222
10170 16831
7505 1058
1942 2219
2578 13949
3762 2661
21151 21150
22572 22570
4266 208
16106 9176
12293 12292
25902 25901
1529 1528
24366 25174
13146 13147
2578 5439
28066 17458
7117 8092
26974 11258
25232 22292
21536 22775
1278 13852
7064 7448
956 2955
2941 3922
3118 586
6982 6857
456 1060
9466 9494
517 518
12399 2838
21051 27577
4689 4690
1095 0
23364 2517
6359 6356
21728 22837
12117 13476
17886 3493
15080 1330
22538 17687
7416 3298
6982 6978
6132 6542
11901 11902
3343 17040
11444 2995
27162 21121
13714 8598
7549 6981
2544 2542
20552 20551
2588 2585
15863 15860
9168 14014
1228 18299
22558 15427
6768 6766
3521 9327
1700 6216
27147 11256
27870 27866
1069 9796
3471 3467
3755 2997
9637 17094
5019 11115
1795 1794
16615 27630
1965 4420
4795 524
27867 16951
18280 18564
3201 839
19839 16427
18636 18842
16891 25175
16293 7284
9875 7702
4635 16494
13016 5950
21773 22569
12198 15117
221 896
21326 20537
16746 16836
12336 13775
7990 7989
554 547
5531 11532
12367 4457
7702 15924
4300 15871
16822 16565
692 5621
13875 13874
21249 22424
1531 28004
26980 21076
7123 9464
22292 27577
11549 12469
11869 11656
1563 1770
8598 6690
7854 16035
1090 20017
7054 6331
21101 21600
22528 5078
3207 12280
7509 27822
11054 12648
20006 8272
3321 19175
25425 25560
4152 6271
6827 3521
21120 3304
7941 7938
9565 8963
5750 16665
1936 5556
23289 25299
3291 4407
734 733
12345 7663
25299 8280
4569 19778
5992 19581
21515 22650
16698 8877
19894 19893
15701 13383
6159 5879
16257 6956
8731 8629
7991 8819
1069 9475
14014 13012
9145 5236
16388 4635
24287 3244
2413 7938
11060 11328
17785 21684
1664 1663
2907 16323
18059 3493
7738 17162
47 15055
11766 13476
14078 12889
1057 1894
26716 7113
8304 6956
3894 3895
16123 16122
346 341
27745 27671
11650 12483
8551 16632
3591 5062
16655 16656
8004 5388
4759 8022
3273 18487
20941 25020
15726 15146
12589 12587
2591 2588
8360 15990
2354 2352
21178 21176
20796 25312
3742 7567
6771 16154
14075 2243
9806 9546
13128 15726
13747 13260
3559 20362
21444 22207
2231 5520
6360 6353
26287 21363
3937 693
2941 2943
17613 16234
2074 20741
18906 24787
9524 19487
6969 7521
8536 6780
7464 7463
16140 22208
7147 9742
308 304
1082 8329
27993 27991
1630 9100
629 655
25203 10237
6765 1985
1436 3084
7800 7799
16188 7582
7867 6806
10205 12358
9207 17457
652 235
26388 7135
5468 42
20840 22419
1152 2278
9276 1197
2956 955
5344 5345
1171 5674
25523 25531
27235 23222
27823 27822
8880 8781
1346 13
11794 20865
22573 22569
8802 6912
18922 5533
17588 17587
27024 11109
4558 4557
7123 8351
4163 16567
16127 16445
12163 14962
26285 25938
22101 5433
7178 7994
215 210
5577 27517
23945 2004
913 3177
9748 4403
732 850
551 546
6827 17226
957 2954
1527 11149
16857 16856
20538 21434
7582 17509
6758 9892
12528 14134
562 560
1685 12674
797 1366
11363 1794
22461 22462
5552 1163
8295 26426
16746 27992
5998 6353
24732 145
3085 3081
3828 5340
20006 20004
27502 27497
17688 20517
3088 3086
20332 20403
3051 7863
3318 3777
1210 3871
7412 16401
262 2900
7702 5388
12852 11871
6790 16354
3146 12072
6128 6355
7340 16003
17310 17309
23912 19223
16448 19559
7505 1060
5165 7412
7415 1251
279 18422
12985 12521
15815 15832
3595 13453
11378 27126
1790 13090
15729 15728
21823 20619
12303 13103
11861 12492
24805 4285
18949 18699
11831 11832
8803 8802
9393 7584
16863 16862
9003 14754
25379 24936
1627 5340
956 2957
3170 3259
8346 26498
12293 12765
6347 6348
13690 13333
798 799
11905 11902
6784 7288
12002 13003
7129 21552
6078 6079
343 340
3448 11955
4952 2069
6994 8037
6956 1329
16665 6795
311 307
2592 2585
149 2460
17484 28068
26899 26900
14315 12496
24192 24191
1020 13535
12890 11600
21903 20975
25475 25640
12073 14990
2588 2587
15863 15862
12666 11828
16104 2153
6355 5956
12299 12300
3977 3974
3858 6763
272 2917
9524 16509
6798 17493
3070 8
2643 2644
25087 24898
2792 14781
20670 22881
6961 5887
7835 6643
19646 8265
3471 3469
5019 11117
8570 16137
4236 1057
4403 2
15703 15701
3234 3233
3203 5906
11047 11187
26922 17677
976 4322
6082 17703
7457 991
12163 14896
16600 16599
21773 22571
1632 1630
13771 15095
21245 21368
554 549
1624 3203
6922 16229
9748 2122
11208 11118
21082 21081
3721 21121
11254 11234
7797 7798
2547 2545
16337 7635
4224 11798
802 1001
1425 2175
14896 13376
15805 22528
2404 3664
1979 1980
6151 6152
8227 8964
8122 7221
6676 19034
4412 5554
3001 4593
2583 633
444 394
455 6676
2895 639
14261 16140
24573 11053
5939 9800
18612 15359
20967 21787
8156 8158
9524 6039
27865 16344
10662 18956
6787 21386
435 1449
6828 9117
7941 7940
6531 10062
7140 7137
354 2958
15651 15658
12946 15762
27135 26977
1253 5730
3035 5880
961 11745
25494 25490
2447 2448
2612 6945
16309 16237
20865 16383
6357 6354
3345 17598
8732 16669
7123 6796
5612 13067
8570 6956
16622 6790
7509 16402
1978 3811
911 1657
17550 16679
15876 12864
1661 1660
4770 8550
27499 27496
17448 3607
1022 20103
18314 18014
7466 8074
12808 12098
21152 21149
4566 1028
25475 25224
856 859
13887 12276
5993 1216
4500 445
20004 2067
4635 4282
3413 12605
12506 11652
12523 13053
3566 5236
4635 16296
3149 3147
11061 11043
5388 20734
26374 6947
2591 2590
4029 7626
6854 8570
25240 27434
973 12347
3836 4952
13128 15728
6853 15966
19551 1839
17083 14193
19288 21616
1491 9425
6360 6355
16308 16304
4920 6908
234 236
12429 13367
11531 11234
27895 15966
1314 7284
552 545
7738 16480
7633 16952
16669 28031
6793 8344
11472 11041
2578 6919
11833 4338
7690 3607
23912 20004
13661 11774
16384 16383
21026 12368
734 185
12198 12020
10366 7353
1436 3086
1023 3442
14204 13635
1496 3854
18322 20954
3742 9100
11391 13388
12384 14132
1708 512
16273 22860
11901 14658
13840 6390
7147 2402
913 7596
7955 1380
12345 12605
7154 6993
4310 4309
16123 8219
22573 22571
6018 6725
20947 18504
2047 2048
68 4767
6800 7663
9889 16567
12618 12619
14789 15025
12279 12924
433 435
3239 4584
7955 1272
15965 7000
215 212
555 546
3323 9129
558 551
25087 25437
13283 1345
3404 5267
20701 3522
8896 9558
551 548
7445 7707
5134 9687
20768 20730
304 1085
19699 19698
13386 15702
3653 8896
24160 18523
9095 1258
27105 24524
13031 13030
17961 15080
2243 19356
4983 10807
28063 28061
1190 4453
27502 27499
25394 27593
20382 22212
14710 12651
340 341
21101 17469
13874 15762
15080 12864
25150 15303
79 19410
21051 25232
16786 16402
5439 2577
17331 3370
6887 19177
12506 12633
17594 5995
21781 21779
6298 6216
240 524
2251 2978
7975 9053
11502 11501
21190 20291
20458 17669
2389 2390
26978 0
19983 4315
1796 4505
12498 4528
13215 13214
21642 22788
595 873
3633 5345
16293 1314
7581 16188
27868 16952
37 10381
3325 8117
9748 1627
16258 16259
16917 6776
3343 17031
21899 20845
1041 9446
6354 6353
5868 17225
1665 1662
2096 19147
21057 11144
10575 9892
26323 22528
18532 18534
12137 3623
203 3853
1057 23656
7207 7208
5134 3647
3566 7627
7708 5689
4134 11531
23001 21357
15947 16195
15947 15966
6938 6939
343 342
2604 490
2684 6606
21639 20517
12417 12429
17278 7549
6937 7505
2592 2587
21374 22168
6932 8558
4955 9135
15831 4127
6980 11258
5550 1882
11989 14584
10109 4248
12163 5086
8500 1545
1507 1503
2895 11111
5674 3345
3977 3976
3858 6765
8006 5854
21190 21714
12775 12002
1477 24191
7627 13176
1183 1527
8037 16723
4021 16033
19591 222
1359 16507
20768 25899
6428 11805
11156 11240
4652 16839
26876 20071
6797 9393
27481 22625
9524 8819
8084 28031
2591 5344
21862 25648
17889 18912
1233 13779
8342 8031
3246 3245
16344 9734
27518 25028
8602 8601
21112 20841
25203 25354
11929 11927
145 87
13771 15097
11780 14315
18612 18610
12998 12666
5866 5864
5565 6690
21123 21121
28071 17485
3721 21123
24055 11345
5851 1311
269 11120
1278 11549
11257 18825
26958 87
149 11698
27040 2112
328 329
3182 2011
92 89
11316 19405
3493 1903
3339 12282
12031 12217
6806 3345
4983 28003
11482 11480
22844 21641
21123 2933
20517 11525
12291 12292
16615 7702
25437 22464
3756 2892
91 2200
16309 9352
26429 7448
11476 24130
20946 20683
10161 21379
7938 7937
2013 19070
13739 14232
21030 21027
13588 13016
954 2955
21075 21443
21883 21882
2578 13779
3598 21042
9813 7204
13044 13037
1692 1083
21085 21084
6686 14260
2612 6947
7649 17754
848 435
12076 11828
6357 6356
14255 13600
4659 3581
10 9
11558 3207
290 292
5680 9268
1642 5813
16827 15303
3581 285
27499 27498
6643 9315
12002 12000
19177 7131
9889 7320
12757 2484
551 4241
5035 5036
4505 1838
847 856
21152 21151
346 345
13955 13954
2474 3347
17479 2104
8406 8405
27307 27678
11809 466
21536 21787
26716 26715
5818 5795
16494 4634
3968 3969
16467 22207
1903 23358
17326 28061
11860 13879
27868 27866
577 69
3775 3776
13559 14785
12483 16221
11592 11620
13128 15730
1365 41
11258 3867
5165 8771
19551 1841
9080 28068
1321 4135
1496 13292
11613 3277
68 4514
2428 2426
9157 5842
1536 4245
3812 1978
6360 6357
13560 13559
26899 27307
4434 5933
16567 16237
7345 8149
552 547
27137 27135
7767 8781
16456 7509
14952 14951
12956 13300
10285 20636
315 311
17485 28067
24971 25009
435 901
12108 12910
1329 6776
12376 13893
21434 20301
25087 21693
1278 3549
20899 20896
7708 2845
24267 4140
8397 16424
1947 6007
13833 14633
652 2225
23206 23119
11599 12107
16103 8158
1796 1795
21289 22700
22476 19752
19223 7707
15917 16518
6798 5670
2680 12809
2355 11063
7632 5078
20699 20619
7697 4241
563 547
230 12681
15780 12204
732 733
212 209
2068 7707
11076 27126
215 214
2090 7237
4134 1237
555 548
17550 28037
9748 1253
3323 9131
11602 11600
11989 12800
558 553
6784 6795
1190 2227
21747 20373
7863 17082
551 550
7190 7419
16107 16103
17630 8674
6013 209
6629 6628
19699 19700
15805 26089
1253 1236
13386 15704
1942 2212
27500 27499
13519 18448
2984 19356
344 341
21329 21149
11692 14805
6606 15662
14789 13993
11502 23275
26973 26972
64 3441
16123 15939
5236 409
11717 3723
230 4642
24193 24192
27097 27681
21101 17471
3207 12581
15586 10486
17318 16494
12910 11816
12345 3413
1278 11859
7935 4553
21246 20454
4300 5689
284 9200
19483 25686
5612 12077
11859 12006
11914 11713
17040 3344
11707 11908
23912 15147
13572 22121
12528 14272
2676 2341
6956 16138
10225 7445
10502 20033
22176 21384
27230 1098
12527 11539
27970 27969
1665 1664
3370 399
26082 26080
18290 8157
11915 11914
2937 8653
992 16847
1097 1099
12383 16863
14789 1416
9425 8156
160 2172
20005 2066
11866 12143
13388 13386
16139 16138
15318 18655
6492 5134
1153 3596
7992 202
595 70
7000 7001
2592 2589
3966 12070
21099 22231
3118 3867
10237 10141
2173 161
20363 20362
2585 2586
1476 6585
20896 9750
1507 1505
3712 13587
199 191
27053 17141
17278 6854
1477 24193
12164 14065
1345 4826
6790 15916
151 150
4675 12358
9916 6945
20768 25901
6700 6079
456 3644
4338 11955
4135 5439
1782 13579
7986 12414
20967 21536
17785 22240
14659 15669
549 546
9659 9396
2219 2212
9276 6854
2543 2538
5648 1321
2845 4300
1389 12722
17586 20983
16665 22330
11500 11294
41 3415
25310 22678
11723 12992
806 3218
3318 1258
1253 2
20504 12743
9833 16234
27578 25202
15915 7236
26895 17066
2267 2266
15876 15875
9314 10650
23035 20336
2027 13359
11707 11708
1807 524
11502 12242
27824 27823
21028 20741
803 8023
1469 1468
23382 3118
3790 435
5388 9624
21151 21077
1633 12193
4560 4554
19779 19778
2406 12345
233 6860
388 89
4635 15924
18212 4920
19561 573
6629 5865
1082 1180
21307 19459
583 4879
2957 2955
11257 11256
9145 18290
2356 12379
13070 4569
5062 2792
1153 13
6331 6329
2723 2724
3263 8101
2167 62
12409 12407
15971 3064
200 1327
2256 2763
1366 2228
6956 7320
564 557
2775 1867
47 15048
10202 1124
5388 2403
3894 8318
26716 7106
15728 12876
1624 5906
2797 2794
13044 13039
17829 6592
13673 9800
962 1505
28074 16993
25149 16828
9261 7632
1668 1667
10878 67
12076 12998
11687 11725
555 4241
13626 14828
3647 9501
3129 14005
22240 22242
5868 26731
11638 465
2145 10573
416 9037
2355 2984
26982 26981
26922 20514
9938 18289
20033 10501
26906 19752
11774 13306
8479 9932
1849 2065
17326 27942
2158 2820
17142 8119
1411 1839
8713 6837
10979 10978
27869 16951
4311 4310
24114 24209
24806 4286
14589 9933
20354 22462
3291 696
15610 12173
7685 7684
26323 26089
9235 6545
4227 19070
5538 13485
67 1174
9080 28070
9777 9982
18658 12822
12426 12427
2068 8272
11049 11050
8953 6014
3812 1980
6360 6359
22156 22153
7685 3604
2074 7794
1743 3493
552 549
14078 18856
11989 12547
1475 1692
6411 6031
17485 28069
2880 2121
11054 11286
4404 8163
2546 2541
200 9637
14154 14155
5388 5115
6272 4152
7244 7466
5544 3413
19503 1105
16415 15966
7986 12469
6797 8174
13287 4892
3018 18980
651 649
15607 20896
20899 20898
13661 12946
20017 279
16107 8158
10237 27592
2086 4892
17861 17860
1619 1979
16665 8156
5674 6798
8084 8732
15779 15876
2796 972
1925 450
15704 15702
13289 2578
3937 3277
22625 25475
4310 4313
11749 13221
564 249
3100 1090
14202 12344
12108 12107
26287 26283
212 211
16953 7633
13070 19779
11584 11585
4855 6183
555 550
12201 14671
13215 2935
21311 22289
1527 2403
25492 25490
558 555
847 429
3498 5687
5322 1633
6015 6286
7954 233
2491 3318
28069 8878
8004 9624
4652 3501
16107 16105
2341 297
11721 11940
1635 14135
1086 307
1659 1660
27497 27496
6691 6690
7799 9636
24257 24058
3298 2256
24971 16756
7357 16350
28070 28068
11713 11712
4220 3699
11692 14807
4163 9352
388 386
11960 3712
3207 5228
1321 14325
15897 7721
22054 20774
7574 6377
3501 6348
8903 16839
11059 11043
11871 12944
3681 5003
11965 12808
3207 11765
4054 4053
7942 7941
4867 4570
955 2954
22124 22122
6784 7281
1486 3529
3304 21123
27278 26805
6358 6355
1458 20
16306 16304
6361 6360
11321 11322
27972 27630
13041 13038
8872 8871
16456 17002
12621 12186
6857 6978
2404 5267
21357 20300
2105 12555
3203 5657
16104 7165
13788 2126
18553 17658
6824 7969
12968 7985
28032 28031
11180 27682
11509 1291
18076 8809
20005 2068
20837 15696
26717 26714
68 370
12591 12586
6827 9327
5674 5672
2592 2591
16874 8601
59 3970
288 3793
26287 10807
7149 8560
17072 2466
21892 21869
2577 5437
8602 16873
2604 2830
16323 16836
4021 15916
9181 10807
9938 4599
962 1936
18554 10662
10325 2564
12141 13144
3758 16445
11724 11809
9774 28061
28078 5236
20365 21312
9657 829
9916 6947
7691 7688
7953 1272
1996 853
9412 27830
20291 22302
27620 25188
484 483
7147 7709
4308 1168
19564 739
2547 2538
3538 4404
1266 17865
17785 22242
549 548
11637 11638
1327 17094
4440 4441
3129 4879
28038 28037
6948 6947
3577 21779
16108 16106
18785 20370
2543 2540
5880 11280
9889 6827
25425 25434
11929 11931
7521 7519
3202 375
732 4991
19753 27335
4169 83
5648 5645
7427 6544
1365 1642
8406 16664
3246 18767
540 970
19695 2632
25232 27577
5134 7760
2004 10381
564 546
1531 1530
4572 823
798 3867
11221 10662
1389 14134
20363 21908
5933 11533
26791 11066
20414 20412
610 5509
209 210
1198 10109
12397 12399
11817 11824
11366 15860
8677 925
8520 9343
5842 15966
28003 10807
13875 13306
4311 1842
221 220
1031 1486
77 2390
803 804
7483 7482
11908 11834
7415 6789
2797 2796
9543 18193
13044 13041
3742 24703
3538 8163
9757 9491
11377 26841
20510 7530
20867 20865
13519 11055
1668 1669
9777 51
16698 16469
5053 9632
5688 3498
18971 3876
16412 3051
2590 2587
10267 11700
26089 22528
22229 21597
22184 26284
1216 4891
26388 1627
16511 16993
3812 1619
6360 5998
4715 6082
7483 3294
15096 15095
2944 348
5915 4793
1505 1503
21891 15307
1411 1841
8713 6839
22602 24703
21051 25883
11545 11620
15731 15727
12276 12364
8031 9636
2064 5523
9181 28003
1283 1282
27481 25475
17630 17859
8511 7240
11327 27383
10466 2208
5471 480
7975 17059
2604 1717
3345 9565
22425 22424
25472 25467
8731 12383
2149 18291
22315 27396
540 541
4308 4135
22124 13572
22156 22155
17076 22763
6545 9524
6422 6421
20291 21189
552 551
11482 11055
11146 489
20768 25958
3742 1630
3635 5439
5901 1767
6798 16507
20834 20835
456 6855
9664 6643
1409 2279
16952 9262
3118 7549
27865 9734
28066 7509
13699 13698
2168 1550
9079 8878
18480 14191
3277 14483
1008 7304
10305 22625
3294 7482
1164 418
27209 17687
15787 18735
5423 1031
11592 15599
9302 9300
4224 11967
16058 8877
3053 2064
22602 1630
11550 12111
7451 6956
24247 11345
26950 20442
12893 16994
26287 26285
8156 9145
565 560
1475 2996
555 552
21084 21080
6874 8005
12492 4528
558 557
17142 8739
12974 19026
23291 7867
3088 3081
20005 20003
11578 7985
3087 3085
16746 16323
11584 11708
2570 2566
4412 18797
4813 18912
613 614
203 15268
11259 24191
16853 6771
1152 12448
16309 4163
19780 19777
12624 12618
15611 15610
6007 7457
14446 11901
3587 1314
12516 12038
6983 6985
24805 24804
2474 14010
12876 15727
12105 14389
3370 2484
11967 11715
2312 69
7276 269
11592 11545
4353 4351
4338 14845
456 1057
4647 3522
1491 7137
11656 15586
7954 7953
14202 12722
1236 4403
2356 8598
6031 2579
3247 2161
11388 11378
11697 14348
19777 12029
5938 16388
16723 6795
6358 6357
2158 5092
5165 16401
26286 20774
13041 13040
13572 21307
314 307
4892 6628
1796 431
9235 16509
10160 11871
27137 7704
2404 3404
20034 20033
4785 2193
6768 6763
11780 12898
26717 26716
5911 5910
11824 12150
26912 1291
12591 12588
20849 20367
10205 14623
16874 8603
27869 27867
13497 23361
9489 9757
3828 6182
26286 22184
21862 27627
14085 13439
1561 5236
19033 10662
21307 22120
22156 1686
9409 17089
12948 12946
17485 8878
18010 5316
22156 20345
565 252
26434 26670
561 547
13091 14163
5156 5051
2474 1675
2307 1269
8208 8209
12711 1635
25469 25466
7691 7690
15803 13954
16350 16567
1947 6066
21922 27240
997 296
553 548
28071 17478
26081 25175
2547 2540
14014 14969
6098 6099
9444 9704
455 2349
27992 16323
2342 4996
7997 10483
2543 2542
6092 4520
23363 3769
28061 27942
27971 16614
7236 17151
524 89
20289 21682
4300 7708
6486 6487
12188 14789
11875 1726
11532 13401
18454 3626
5648 5647
17025 16840
16511 9974
13840 15095
1163 6613
15080 18160
3470 3467
16665 992
4715 6876
18189 2833
11757 10486
26185 26184
6706 25859
20094 19349
20132 25239
13501 13764
11146 691
7337 9339
13775 13774
3455 14570
3837 2069
206 17728
12479 11531
16388 16296
3595 12106
17084 7863
13775 12956
12696 12697
11366 15862
8163 14935
1491 5674
17702 7912
22292 20474
13283 19849
7707 10225
5854 7162
11965 11697
12223 12221
6031 1345
12971 15827
1664 1660
12453 12454
564 561
19034 2349
2105 4786
1996 1581
519 6645
11057 11441
12946 14952
794 2191
12108 11601
68 64
17477 17485
26874 233
11868 11656
7509 17457
24243 18716
16137 16138
3742 8840
3721 3304
11544 11680
2590 2589
7942 2413
1561 23358
20642 20641
2406 12604
4824 4822
2066 2067
25394 25802
7468 8091
4892 5865
4134 6223
6018 3203
77 540
9328 9329
18715 18716
16469 21320
15731 15729
12113 4266
277 7017
1228 7505
17371 16698
27121 27120
948 4418
41 7649
315 304
17630 17861
14970 13012
4844 16828
2513 2355
27971 27970
28032 8732
8536 6777
22625 25224
6578 1180
1531 5412
7509 17002
3542 1184
15696 8164
4407 696
2541 2538
20670 20837
145 22645
1436 3081
3867 459
35 3525
2997 3757
6421 3340
11391 13383
1947 11369
6948 9916
16273 16668
1278 9032
3742 1632
8603 16872
27823 27819
1467 1468
3748 9933
9512 6776
16755 20993
9021 18287
2153 7165
6499 6498
21149 21077
7459 6806
4558 4554
23842 6855
12621 12619
21445 21075
2158 4247
21357 10116
9743 4615
558 546
2709 6686
22602 1632
490 267
3862 3861
8031 7799
16643 22980
3455 15780
307 1085
5534 3385
2165 62
6237 6511
17703 4715
2090 8519
1581 1997
8084 16670
565 562
16412 17082
22705 18655
555 554
2795 2794
21084 21082
17827 18229
3682 12682
16211 9629
1471 4690
13776 13300
6364 2243
2356 13714
15877 15876
15917 4163
16469 8877
8406 2734
12399 2474
1086 311
9489 9491
26895 27166
149 13987
2384 2563
956 955
8731 9849
7236 8480
2353 2984
19780 19779
12624 12620
12722 15141
433 685
22572 22569
26286 22857
15954 15951
8497 11079
25902 25900
1204 1205
11931 13336
16350 7320
27764 7320
16827 25150
9264 9265
1531 4983
407 10202
28066 17457
10977 10978
12687 12043
22079 20542
5142 3345
19847 19846
7117 8091
8342 9636
20055 10161
3680 11952
2544 4514
7466 7198
27235 11234
27972 27971
6627 6628
992 8209
16874 16873
6360 6055
18480 2797
20666 7992
5531 18739
3599 1568
4452 4453
12528 12521
27481 25640
17886 3492
6344 6461
23364 8114
11299 11042
21711 21849
135 19784
12043 12708
595 63
292 291
11834 13766
1380 1272
7905 18922
8242 9876
2544 2541
11726 11725
1458 4346
20757 22231
9444 9451
4804 3484
7011 12000
9239 14940
26986 26987
27787 9774
1171 1283
9235 8819
20315 20314
7800 1314
2583 1422
27209 11194
6768 6765
12948 13874
22464 27576
19561 19559
8553 7415
8808 8193
17859 17860
1152 3377
5672 6798
21516 21586
4312 4311
728 7250
4721 11420
22449 25174
8174 9489
11599 11926
3201 838
8194 5388
562 249
7943 8546
6972 18666
21915 22207
7146 2752
12453 12188
8084 17301
3653 23751
11377 11180
1069 696
11815 14789
12822 2111
4993 11182
25469 25468
3493 5039
12336 13774
1278 2792
7702 15923
24620 24210
8304 16257
553 550
22811 20399
11105 1568
1182 3498
12336 12956
2684 3594
17278 6981
13 6729
5933 18866
1505 1936
1477 11259
2069 1749
2547 2542
11721 11636
8499 402
15048 14962
19487 16509
15828 15827
4955 7291
27820 27818
17478 17484
3894 5854
16102 27821
16103 2153
5998 6055
7073 6838
11711 11712
26841 27682
24898 21693
3354 15416
20905 20906
8553 7791
17681 1197
5750 4879
11125 1910
3470 3469
4230 9573
433 848
12910 12911
161 160
2111 21586
7941 7937
14098 3957
12224 12583
6211 1975
8005 6875
19560 16448
14271 14236
15917 16003
18290 6795
23289 22494
12711 14135
8821 8629
4569 19777
17 6689
4428 18754
15988 16822
1212 16427
1496 3354
25494 762
5822 42
16388 4634
13039 13038
27481 25224
21397 22778
3872 1210
6007 990
16746 7991
6854 16138
4134 3876
8624 8623
1619 3811
3938 3937
21435 21434
4517 4516
12073 15029
11600 13119
13798 13184
13065 13333
26715 26714
35 1057
11724 11613
9076 3620
12589 12586
15918 17530
9583 9315
3712 3715
684 685
1364 5813
216 1519
3001 1115
18717 18643
5080 14320
853 1581
20775 22569
17636 3264
13497 13498
4743 1314
12329 1641
24805 270
11461 2356
6003 7017
21892 17606
15923 15901
12399 14919
1389 12528
6592 6594
11780 3277
20855 21932
6767 3858
1012 25494
7227 7226
12858 11124
11118 11119
1975 6101
2541 2540
3501 8769
6429 6428
21110 21111
1436 3083
10240 41
6267 4151
21779 20186
11757 12045
690 489
1947 11371
12329 5037
5861 5863
3837 19951
15048 14896
6765 6764
2956 954
8876 1491
2342 4932
21320 6961
23326 11286
27823 27821
957 954
5028 12399
11557 14212
4558 4556
23291 18354
5865 6628
562 546
12237 15139
18971 17438
4135 3635
19695 18664
8827 1198
215 209
558 548
5577 27516
7867 18014
311 1085
3442 13921
7986 11549
25466 25467
25232 27515
16679 17307
8476 6983
26899 27678
551 545
3859 3858
11366 1906
3298 3296
19561 1560
12946 15693
6776 16176
1731 12604
1633 9100
9079 7138
2577 6919
12014 11697
1424 66
3407 6851
565 564
2213 2212
16412 17084
9754 7721
1832 4964
20411 22496
6544 1947
3400 2381
20364 22155
12893 21320
8304 16567
12514 12104
8870 4641
7017 3298
11727 11724
4187 18454
3445 8432
9811 13974
20132 25188
12280 5228
17310 17308
15918 23759
4955 2461
956 957
221 2494
12624 12622
1151 15425
6358 5998
9854 9362
22338 20418
4163 16003
15954 15953
17505 27053
2680 14348
3876 6790
5851 7106
10662 18553
6361 6353
15612 12173
15729 15727
16509 6039
17679 17676
20022 24804
11798 11617
1471 15672
1665 1659
13788 2119
15914 15894
18212 18526
2027 11810
21906 21905
2011 11048
26286 22054
7129 21551
299 296
25788 17347
4300 8033
922 2675
595 2280
13559 2124
13091 1790
2253 2889
20891 21523
21029 12368
19144 27746
4040 2151
11144 489
21444 21443
3607 8456
2544 2543
11726 11727
19070 921
5053 11101
2588 2586
27516 25232
15097 15096
28074 6800
20899 9750
28078 18290
693 694
10305 25475
6768 6767
24114 24620
992 990
16755 25009
976 6415
3737 16271
16140 21444
6930 6765
5019 11116
8174 9491
3566 9155
27867 16952
3234 3232
25437 27575
26791 26790
21278 26082
24163 27114
5685 1491
8819 16059
27970 27630
5987 6259
1345 1680
18636 18843
2995 1903
22419 3726
5674 8953
8 2065
5854 7837
6237 6326
5055 1216
1749 3840
7986 9268
553 552
21082 21080
3721 21120
252 560
23102 20321
2547 2544
18407 5262
8037 8452
27824 27818
1278 11546
8084 16606
25394 27632
11749 3712
16107 2153
7509 9501
25394 10141
16388 16395
13852 13110
3756 2997
24209 24210
8227 8963
2096 11131
11762 11760
911 125
15915 17151
16102 27823
13632 21822
2119 1171
6372 1545
4574 4568
19952 3836
15693 15762
3644 1894
1082 8759
13874 15693
11718 11875
10389 15871
15810 24160
694 3658
13955 15803
19521 20538
9168 14970
5854 7153
161 162
7941 7939
6841 6840
3291 8838
6043 6042
12336 14260
29 4823
6473 15425
6798 8540
21085 21081
26864 26863
559 558
6357 6353
6422 4762
1372 3061
19024 24404
25486 25490
18014 18354
6354 6055
22101 21139
7986 11859
4514 4917
16567 27764
3742 22602
15705 15425
18228 2778
27499 27495
9550 20683
806 15603
16469 6961
1794 431
3614 10258
2933 21120
22661 20954
23102 21865
21734 21732
5993 1215
20315 22344
21650 13632
12589 12588
2859 1586
9417 15966
11502 26734
2838 2695
4983 1665
2354 2353
4210 961
22425 21249
13128 15727
18193 18194
5153 5267
20993 25009
15947 16368
9259 8294
20775 22571
18717 24243
27392 27237
6360 6354
8304 7320
2474 14553
2941 958
15048 5086
20133 20071
9261 5078
16669 28030
8039 5036
4675 14623
8421 5101
25414 25576
13792 13798
315 308
23945 10381
41 1237
11663 12786
13587 3715
16615 15901
2545 2540
1278 12406
7147 9743
14785 2124
4888 3777
26864 11374
20315 21660
25358 4891
27516 27515
11250 11048
1491 5236
21562 22405
21397 5076
11391 13387
16350 6827
8896 8605
27764 6827
20378 6790
12345 12604
10235 16035
20323 5053
12289 14658
25207 27632
1810 1811
6018 5906
14042 14043
11717 15600
11774 11704
25470 25467
6044 6043
215 211
5901 3291
13955 3723
555 545
3591 12326
558 550
6856 15528
23363 17828
5577 27518
20581 450
6700 20384
8476 6985
551 547
3429 7016
992 1421
17997 17998
20538 21435
13386 15701
5996 10065
9079 7140
3742 13
9874 5388
21862 25137
27500 27496
562 561
15318 22706
797 1367
8492 25773
28078 3566
6015 1154
18422 1373
2881 10715
25547 25434
1531 4745
7415 6837
1190 4452
18094 21206
8397 8395
5993 5229
10160 5085
14368 12132
21781 3577
7942 7936
26900 27743
235 11254
7940 2413
21781 21778
277 6003
1278 13024
10807 20774
26806 26805
13776 13775
1266 1269
21642 22787
6372 8500
3633 5344
21865 20321
4921 4922
6361 6355
6643 9488
16307 9290
16350 9889
3712 13221
16979 21468
242 25536
2849 18444
22119 22833
1746 5033
5206 6259
3086 3081
1665 1661
8023 8022
1020 12476
552 5955
1237 1628
3566 7626
625 4484
7863 14193
3895 7047
6787 19601
7835 9664
22654 5033
13388 13383
10807 22184
27307 27743
11380 11200
343 341
20588 20585
3001 2340
12163 992
13975 2068
26869 27746
77 11445
6982 6981
8567 9290
7702 15901
12179 13539
2592 2586
13954 12747
1996 2003
9308 9675
15600 12070
13673 4857
3682 230
1321 4308
1276 9032
7378 9546
21278 21641
12723 12821
17225 26731
27578 25883
19951 2069
16615 27970
27593 10141
25358 5993
12146 18852
15969 15966
12048 11901
2763 16525
2583 2594
15731 12876
12890 13119
14703 13602
8570 16138
21206 3614
8084 28030
2639 2122
3170 14590
26284 21363
6411 2122
152 89
962 5556
803 6960
925 1473
3872 3871
13771 15096
1228 9095
16955 16653
21640 21639
7863 27630
12566 3623
7500 16207
28071 17484
21123 21120
28038 17307
252 562
2547 2546
4787 4786
10160 12132
14776 12521
27824 27820
17310 17002
1752 1753
1409 4797
21922 26778
20314 8270
954 955
12622 12620
24131 11460
26978 26981
16011 6769
2227 181
19952 3838
5062 1621
18164 7320
15101 13903
91 2199
15731 3453
20876 20438
6287 6283
2075 1517
15096 2124
26980 87
20898 21099
22229 21579
7140 7138
1253 5731
17588 7510
3291 8022
9854 9419
1686 21010
6358 6055
11834 12294
21085 21083
17477 17478
20865 16384
22857 20774
1069 3291
20517 20518
552 6707
7004 7334
16388 6853
6897 6979
12514 14389
290 291
2175 125
27499 27497
4813 19444
7833 7832
12148 11824
26982 26978
12005 12004
11637 466
27787 27900
11724 11725
21152 21150
7302 7149
27895 9417
1486 1485
4798 4799
20855 25064
3075 8
2820 12321
12453 15025
7302 6331
3762 14975
189 1528
9687 8208
19410 5207
2356 2243
17739 7288
22857 22184
10466 9895
6128 5956
5842 9800
9168 13012
6795 9425
2068 19223
12099 11908
1811 24293
68 5560
15726 15728
11029 12674
13128 15729
1278 12395
20768 22678
16467 16140
6796 6765
15080 14570
11221 11383
10305 25640
9080 28067
26874 11327
1662 1660
20775 22573
11749 11687
6360 6356
9933 11889
489 756
5153 3404
1276 2792
5035 6795
15840 11706
11257 27147
21442 21467
11315 6857
1685 1684
2545 2542
3455 9933
17226 17225
308 307
2589 2585
21525 20418
9978 12426
26716 6782
13635 14203
16294 21042
10381 6400
1496 3855
12876 3453
7975 7510
4134 17438
2937 7095
5423 6395
1796 1794
7799 7284
8492 9197
27593 27592
4813 693
6786 4841
8484 17186
2680 12808
6211 6101
20699 22833
5961 6155
12273 4035
6839 6838
10385 3903
6418 6781
15965 7001
11125 2895
25470 25469
1863 858
215 213
555 547
11707 11881
558 552
5322 1630
16058 16698
1836 2337
3599 11105
11772 2598
10807 22857
1086 304
13386 15703
2023 18149
12121 14271
10383 9697
3083 3082
9270 2243
5085 12132
11413 19405
27500 27498
9501 16176
25256 17380
6185 5509
27787 27942
26289 4610
24134 11045
230 4641
72 820
22340 21357
3644 23656
95 2201
21445 21444
10700 17109
2312 64
12461 12218
21121 3304
27787 28063
1076 6274
7942 7938
7935 4552
2639 1627
21781 21780
2111 21887
2251 2979
4635 17278
20291 3493
9796 2716
6857 6854
3400 4842
5062 992
16140 20025
11481 18209
3599 10192
16891 26080
8227 8228
10305 25224
3633 5346
13572 22120
15702 13383
5995 8515
11327 11097
6361 6357
18010 18009
5388 17636
15685 15136
12397 14919
16131 9066
21101 16665
3042 3040
22176 21383
3587 4826
1366 1367
2226 2225
12864 14570
3086 3083
1665 1663
4855 5509
27503 27499
5857 6716
17331 15398
26717 7113
203 3854
2474 2475
992 16846
27746 27671
70 63
21123 27162
12383 16862
1848 2952
8731 16863
1228 1258
3590 9153
5086 13376
16139 16137
467 26945
17448 8456
11584 12429
2592 2588
6586 5936
2355 2352
2897 420
4849 16294
21525 22338
13029 4528
20855 16622
20693 22939
7697 18161
2074 21028
9875 3264
2003 853
1182 3370
7997 6035
1477 24192
2267 4346
15980 3783
3769 4442
21072 21696
976 2447
20768 25900
6700 6078
2907 16986
12289 15641
18483 18484
5809 13949
5062 14200
9608 7471
582 2937
16887 16888
549 545
3857 3858
5987 6263
21072 20770
16108 16103
1076 476
524 902
11929 11928
12336 14009
23039 21087
12527 4680
7690 8456
806 3217
20442 22939
5866 5865
11265 1267
21123 21122
14210 8500
2957 955
27824 27822
12847 12848
18906 18913
6797 9757
7905 5533
13632 21934
1346 6729
5062 1731
4983 28004
1203 6128
14209 2734
2344 354
26286 25938
7054 6794
19561 572
11637 1152
11915 11713
13792 13184
17083 17082
10208 7721
460 14607
20876 20440
1577 4504
11461 19356
11652 13703
15601 9761
733 850
11258 459
27630 27969
3370 5688
1663 1659
13419 14191
913 16888
9117 16096
20767 20510
2332 14707
18708 18510
16921 0
15988 8197
20840 3726
7646 2639
11687 11724
11861 11611
20855 25174
23913 20004
21475 16022
10385 2119
22240 22241
11533 11257
19423 18906
18717 24113
12002 12001
17617 25717
3746 8432
21738 11413
2722 646
15624 15625
21778 21779
26978 11144
20837 8164
9331 9329
10979 10977
21307 21110
963 19354
15730 15728
7840 10065
24806 4285
20817 22451
22599 22830
1359 5704
2895 11046
6857 15903
23363 2517
15353 18666
7965 7966
11774 15762
23222 23223
13128 15731
802 1851
9340 26946
9080 28069
26877 26876
15136 10680
6578 8759
21738 8393
5852 4454
6827 15916
17025 3345
4129 4130
2011 1550
16257 9889
21693 27575
3812 1979
6360 6358
20788 20824
1012 762
7223 7221
1743 3721
1924 26922
1278 3887
13306 13872
12527 5540
459 586
7117 7468
8032 8033
19700 19698
17485 28068
16952 16951
8304 9889
3667 3668
7122 6765
19208 23373
2545 2544
2589 2587
1266 5903
6544 6007
3903 1171
1215 4891
6356 5956
20538 16983
1258 1060
20794 22830
20899 20897
13306 12946
696 3508
19826 26805
18913 2443
17861 17859
5996 2122
958 3922
7071 7069
12141 14606
15133 15764
7702 6414
12237 14085
9811 15590
16154 27830
19647 8265
15779 15875
1228 6937
7147 2405
15704 15701
3755 3757
22044 22045
4813 695
19595 19594
18287 9686
5961 6157
25239 25188
12726 370
1060 1058
2827 7841
17249 7509
2951 2952
16395 16494
7043 8821
565 557
1633 1630
27108 87
18554 18553
1152 15815
25149 25150
9181 1665
15965 7003
13070 19778
25394 22443
11117 11115
555 549
25547 25425
7796 14168
27515 25028
12782 12666
558 554
8202 6979
21083 21081
8898 8897
1321 1479
12296 12692
7697 1330
12201 13852
3087 3082
16107 16104
5956 6055
701 724
17331 18407
13613 11961
19459 21934
27497 27495
18034 17066
1942 2213
5813 41
11602 12890
2356 2984
16951 9262
4413 5554
696 2716
27276 26974
2011 2168
6956 16355
3118 459
11100 21926
3501 6347
10980 10978
15353 18587
7942 7940
5165 2277
2352 2353
10807 22054
83 5239
11717 15859
7463 26372
22124 22121
17085 3051
1190 1544
16993 7663
12696 15096
6402 1028
8272 7707
9053 10258
18715 24243
1069 8838
18559 806
6358 6354
17076 21405
6361 6359
13041 13037
8872 8870
83 4313
1979 3811
7149 6331
15877 12864
17076 20358
3086 3085
27503 27501
26082 26081
11146 11145
28032 28030
28003 1665
4166 684
10389 5689
27031 27398
9425 8157
20005 2067
8351 6781
925 3208
13388 13387
16108 8158
15860 1906
8227 7654
2592 2590
3343 17505
18094 3614
19174 10662
27234 27353
20698 17687
3768 8114
2355 2354
12146 18735
2578 5809
4245 51
10160 11881
3837 4952
1359 10202
1796 1838
1476 6586
20983 25669
1560 1561
3125 11805
5621 18209
7357 16257
565 249
11063 18707
21099 9750
2797 14191
9659 6351
27991 16836
16599 16366
2307 1266
3566 409
2158 3358
11258 3118
20440 20438
20768 25902
23211 15935
553 545
12624 12186
26574 25859
16670 28031
17 13
6732 7695
21012 21014
12757 1869
8704 16307
549 547
3239 15596
2680 11697
13380 13108
6780 9577
7468 7470
9892 9339
18825 11137
16108 16105
19491 4545
1087 307
27136 7704
849 435
9506 10700
5134 6470
20897 9750
12411 13367
1508 1505
12275 12274
16828 25183
13840 1321
22156 25845
1903 17495
3553 1476
1505 5556
5906 2381
7940 7936
192 902
2955 2954
1212 1254
1171 2125
7867 9565
5236 8157
13452 1481
559 551
6827 6790
21255 21256
16307 6771
1028 1029
1692 4227
18971 18909
5933 4069
19081 20730
11029 1685
20457 20458
16820 17613
21382 22199
6331 6330
26080 25175
2003 1581
9520 5750
25161 20475
14970 14969
13387 15702
6775 8441
1663 1661
5388 2404
1790 3459
4172 14191
22857 22054
21881 21021
7690 17344
2797 2795
18013 18014
8567 6771
16746 16509
4857 9800
21384 21383
20867 20864
14952 11774
11860 10486
2227 1366
5996 1627
11852 12059
1269 5800
2177 16003
2590 2586
5577 25028
22184 26283
1496 1497
2356 2355
13264 14332
1903 5039
11259 5479
4867 4866
4312 5287
1829 1828
1411 1840
7095 1841
22121 22120
6810 6812
15729 12876
27869 16952
15916 16903
11281 11280
11461 3519
3246 12029
6355 6353
21057 16921
6801 7113
14707 14706
1491 18290
13012 14969
5332 1717
13771 6390
22113 21747
2356 6690
6806 9564
21640 20517
13306 13874
7117 7470
2027 13052
11502 12164
7285 7283
11576 3748
3343 3344
6254 2527
4743 4826
17308 17002
913 125
6784 17739
651 650
13699 13697
22599 20980
3493 2995
6789 7008
13306 12948
7654 8964
12833 4134
21363 20774
565 546
6429 11805
11592 15598
2478 15674
20683 21954
12956 13774
181 2017
15779 15877
25691 9594
15729 3453
13571 12357
10204 705
25149 4844
15704 15703
314 1085
4080 4081
16430 7701
18811 11149
3862 3858
5091 1321
12893 16993
5388 3264
8603 8601
2351 680
7357 16567
1633 1632
3406 7146
16105 16104
15918 5432
25492 25491
1203 5956
7796 3553
4407 1069
5674 16840
20794 20980
557 560
8898 8899
831 22528
7237 7238
6492 6855
3087 3084
15595 12511
7510 9053
203 1496
3927 14846
25547 25548
12237 12235
19998 19999
1086 308
14091 12719
4970 9675
7004 7151
15611 15609
6361 5998
24641 6908
388 387
9544 9545
9978 4404
1531 9181
21444 21075
5619 1345
3757 2892
152 524
17743 1212
13747 12020
9520 4879
3493 3721
8480 17151
27153 87
26892 27107
16051 15894
22124 22123
27031 11172
16518 16003
16294 16295
13350 11687
24096 6569
6358 6356
11798 12901
13041 13039
15921 15905
20841 21926
16412 14193
2951 24325
10061 5704
12858 11053
6798 8964
1485 6395
3400 5906
3933 4420
16622 16891
7465 7966
5822 1515
2587 2585
11241 11155
1509 1504
28078 9425
5789 13086
11051 2363
2995 5039
26429 7064
26717 26715
9080 8878
11824 12149
20619 22119
5062 2406
15600 11366
7663 3413
2406 2402
4285 270
16874 8602
21729 20644
27869 27866
7689 16382
27872 27871
16614 27630
9412 16154
11101 26922
13560 14785
9978 8163
12765 12299
13128 12876
16323 16837
1628 41
27866 16951
18076 16515
11951 3680
27276 11258
10700 21101
11372 24160
17278 6857
1152 13294
2165 19349
11869 11868
2069 3840
16105 7165
3118 5388
4995 1197
2355 10061
447 646
557 252
20363 21883
14042 14091
553 547
28071 17477
19081 19080
24163 19767
13652 14845
8031 1314
1203 5998
9893 7809
3264 7549
22449 24366
15146 3453
2434 2598
16108 16107
6956 9512
27001 2112
6691 5565
20670 17990
18778 2167
522 4738
23363 3768
26241 10237
16102 27818
7171 23171
8553 1251
2381 4842
20489 22264
8953 8540
1508 1507
2339 681
7918 16955
2346 11651
20749 20619
10366 6837
3855 5078
6886 15990
11889 13903
6390 14325
20457 20447
3273 24055
6367 5976
992 8945
25232 27578
16308 8567
30 1394
11774 11886
21278 20855
25087 22464
13128 3453
7940 7938
2312 4311
564 547
11780 11637
5028 14919
2406 1731
7991 292
1491 3566
7697 7695
13664 171
27900 27942
1454 6616
2237 646
559 553
26284 26283
6027 6702
10486 11611
20501 21284
13975 706
9550 21954
12864 12280
12358 14623
17084 21862
11153 18197
6014 209
4955 16632
3894 7153
6791 7448
573 572
11584 12233
13387 15704
12148 11817
803 805
3084 3083
7984 7994
9150 1496
476 6274
26715 7113
1491 8009
3358 3359
11057 11440
20414 468
11886 12948
21058 21444
17477 17484
6127 6128
17084 25137
9748 5996
2443 19423
1482 1480
17739 7281
684 682
7986 5680
25268 23289
11860 11656
2590 2588
976 6223
1152 12047
15025 15674
11868 1388
15102 15103
13498 23361
17829 8113
7357 7320
27081 20510
3226 3445
7054 7053
11860 12006
4892 5864
9565 9564
7663 9992
6001 6002
20343 20428
10237 25354
7670 7672
7398 9199
3647 7760
9181 28004
21110 13632
1266 20002
7547 4074
948 4417
6311 6312
16708 7722
2389 11444
16303 16304
42 2625
27971 27969
11578 9933
7975 17060
12017 706
11679 12496
2680 3928
3246 4568
25938 20774
5142 6806
9420 6944
27993 16323
161 2172
12864 3207
11449 7954
9687 6470
19070 18596
11410 11409
18664 2632
16273 16667
5864 5865
3549 3680
3493 25736
12020 13260
297 2339
16415 15969
6887 7131
11781 11968
6499 6497
11780 14483
1978 1619
1233 11853
496 13021
27986 9207
19081 25901
12621 12618
7702 3264
20602 21846
20837 22881
11692 15013
16670 8732
8227 6798
19559 572
17772 17754
4675 15102
11652 13399
214 210
9302 9301
558 545
447 17976
7627 4029
7986 11546
26285 26284
314 1087
5647 4308
550 546
9125 6837
3862 3860
11809 12043
3455 15779
20817 20845
1516 2096
20442 11105
6839 7073
406 272
8084 16669
11859 4172
565 561
79 3297
12687 3277
1278 4146
5813 3415
3682 12681
1471 4689
7353 7415
557 562
20005 20004
20834 21549
2227 2228
15877 15875
3087 3086
23391 4248
3494 11583
3246 5065
21152 21077
912 911
20470 20454
956 954
19780 19778
12624 12619
8192 7584
4286 4285
11749 13587
13953 13955
16827 25149
9176 7165
19646 1469
1278 12201
1183 1266
4715 7064
17961 15666
2578 5437
13661 14951
7579 2752
1479 14325
6956 3298
2312 70
240 1807
18290 9425
1153 6729
24804 4285
15972 3064
19745 4979
6714 6101
26717 7106
3876 3875
27972 27970
1491 7138
992 8208
16874 16872
28062 27900
2227 1544
234 393
22124 21307
11436 12551
12107 4879
28075 16993
20845 22451
22425 9406
25150 16828
3459 3442
6344 6460
8704 9290
7384 17307
28071 28070
17170 18038
16840 3345
11960 14924
690 11145
25883 25202
1481 3538
11726 11724
1591 26795
7419 7327
15992 16955
1166 1167
3338 14829
18322 21111
1278 14671
19521 21435
1509 1506
6768 6764
24004 18595
3937 12650
444 135
7955 7953
26926 4610
9854 8688
4312 4310
1278 12577
27869 27868
7986 12406
7872 6908
16307 16306
6359 6128
25161 16828
3566 16507
22712 26980
2057 3832
12948 12947
1838 5222
6759 6772
1278 12469
16388 17318
992 23860
4514 4767
553 549
21139 4844
11460 24130
15359 18610
22706 18655
1624 2381
7291 4953
8567 16306
16433 21383
2547 2541
3374 11853
16350 27764
6157 6155
10807 25938
6401 4566
1767 6981
26082 16891
12081 12557
1087 311
75 2065
18608 20417
16102 27820
27971 16615
5674 16776
8963 8964
24105 15603
3321 972
2161 1808
15780 15876
8163 5124
448 445
26869 11097
6007 5177
4134 18909
12224 12582
3812 3811
5854 8318
16480 17162
24936 21021
13501 13765
22122 22121
8953 6798
7991 16509
17669 20447
27942 27941
12757 3404
8113 6592
25493 25490
6361 6055
559 555
3182 1550
28070 8878
28062 27942
6311 7106
5906 4842
13039 13037
10700 21600
15875 12864
6854 16137
15935 7253
7800 9636
1345 6725
11057 11442
20855 22844
4517 4515
11531 18909
7663 13953
17925 7288
12429 12411
6806 16776
7178 2355
3566 7676
290 7991
11480 11481
3553 5936
20350 20349
2845 1877
1731 14200
6344 2314
577 63
693 3658
3406 7579
6857 7265
26978 21057
7468 8092
7416 3701
4892 5866
21320 5887
20426 20428
20829 20818
16827 16828
20999 21000
12711 12524
4987 20103
6567 1396
1680 4826
13042 13038
252 249
11578 12968
15909 9320
8873 8871
4224 11715
12622 12186
2577 13187
948 4419
3324 3322
17025 5674
3680 13308
19781 4569
26875 233
696 9796
11234 23223
12163 15055
5062 10047
27183 27181
4417 4418
26283 20774
8360 17398
20698 7129
20132 73
7509 17003
2604 5332
5789 203
5680 3680
30 28
3503 5660
21226 17084
2541 2539
3370 1869
26734 23275
8161 3538
1560 573
15909 15978
21067 21642
11721 11798
21899 20452
6798 9155
7011 14632
5612 15186
6855 1058
6765 6763
5819 203
17591 2126
11169 8023
3182 2168
8603 16873
8880 8779
7166 4074
7954 1380
7275 17307
6854 6956
765 4166
734 652
1203 6055
21051 25202
17270 7854
2684 15662
22857 25938
7799 16260
5807 1253
7291 16793
16665 5236
5035 16723
18768 21242
21823 20699
11602 4010
22191 20637
7954 1272
214 212
9750 22231
558 547
6046 5857
7943 17594
6948 26374
1628 1629
22602 1633
3859 3857
20364 20865
1409 538
7244 26372
550 548
6329 6330
3737 3867
13289 13779
2090 8520
13108 12721
27481 27480
13605 13527
565 563
16412 17083
6665 6666
3277 11695
11371 2141
16957 16388
11592 11643
3177 911
21311 18322
733 4991
16992 8209
16515 8809
11101 17677
20865 20864
11327 233
4920 7872
17418 8209
9978 7670
12624 12621
7567 12193
3493 4880
15978 16804
6359 1203
20695 21742
2027 11796
7627 8945
12164 13804
11971 11652
1827 1828
1345 2579
7334 7151
20002 8165
20418 20417
6827 7320
24493 4920
28004 10807
7064 9892
8033 1877
22292 25202
7466 7199
2065 2531
12245 13998
11837 12712
21028 22682
6706 2721
12108 12946
7519 8193
3338 10388
2330 1001
1229 1212
3762 12113
1269 8195
11951 11952
17606 21869
3587 1680
10807 21363
7459 3345
1182 5688
19144 27745
6766 6764
3125 6429
2648 2865
6734 7226
22700 21482
15097 15095
7320 17186
3566 3664
9507 9508
21729 20756
2227 2017
17772 7649
649 650
1509 1508
16384 20864
16606 17301
7337 9892
13402 13291
19561 19560
20757 9750
540 11445
21009 20588
1198 4248
252 546
21278 26081
12483 6955
28038 7384
7803 20514
3860 3858
16836 16837
18710 1758
11724 12043
12479 13602
2722 2238
8570 7854
844 6995
1567 5892
27108 22645
9080 7138
3853 3855
16210 2267
9506 17109
6769 1985
456 1894
6765 6939
17085 7863
20553 20550
5055 1215
17471 17469
6587 7835
553 551
16433 21385
2547 2543
4487 6477
16665 7627
19574 19596
2517 3768
91 89
27820 27819
17311 17308
17478 17485
16102 27822
7357 6827
16469 5887
12198 12326
1190 182
456 7505
2066 20003
7308 4841
3755 2892
7144 5901
5262 1908
12870 2223
6268 6267
7975 3614
456 42
7123 6781
2959 2958
9168 14969
433 849
27209 22538
9833 16820
20411 19288
1831 4271
13214 2935
21029 21027
3065 11234
15102 14623
161 19759
29 4822
12711 14136
2792 4888
3370 206
9992 5674
83 5287
25493 25492
21085 21080
25648 25137
7340 2177
559 557
583 3129
28004 28003
21858 9632
5492 2841
18480 19055
5901 6981
3150 6703
10383 1250
6932 26676
4269 12925
15948 16643
12782 11922
1758 3217
6854 16139
15840 14831
12273 13213
6776 7854
3455 11890
15612 15610
1364 9184
27517 25232
24806 24804
16622 3876
1425 913
18785 11531
25899 25900
26374 6945
24345 14502
18161 4241
1385 13565
577 2280
27235 11411
7016 8078
20641 7173
64 12726
7992 20667
693 17889
12345 1731
4879 14789
3246 12961
2021 3051
2119 2125
17769 5070
8558 26676
14446 14658
5288 435
16746 16986
2495 1658
20775 22570
7579 7144
15674 13993
2167 19091
3566 10135
8713 7073
19778 12029
570 2627
13799 13800
21787 22775
2361 611
12479 11200
10703 5388
200 17094
26287 20774
13042 13040
8039 5035
11621 11620
315 307
25938 22054
21014 22155
13003 12001
4404 5124
6181 6179
6545 8819
16108 2153
69 1190
6359 5956
6930 6940
6047 2163
5062 14371
6801 26717
11391 13386
28032 16669
27152 27173
9748 1236
5236 6795
21190 21189
6855 1060
7147 4615
26287 22184
7646 18299
957 955
3828 6482
11706 14831
2709 14260
20666 20667
11749 2598
12492 13259
562 547
15674 1416
6795 6994
18735 18852
25470 25466
6044 6042
12303 4325
847 652
558 549
1328 696
557 553
25802 27632
21086 21081
21051 22292
12326 14781
15096 13840
3298 3297
9125 6841
8114 17828
1731 12605
16873 8398
27500 27495
11076 11378
15318 22705
23364 3769
1746 1744
17467 1903
18631 26621
6015 1153
18422 1372
3335 8898
14193 17082
16257 27764
4559 4556
1204 4578
25379 20601
7690 13191
12514 12105
11041 11249
6786 7308
13264 2474
380 381
11727 11725
4552 4553
1842 4313
8440 8441
6771 16304
19174 19033
2355 19356
8304 27764
7530 11374
9978 7672
12624 12623
2907 16836
21014 22544
1060 3644
12476 41
13776 13774
3838 2069
12108 13874
27992 16986
3928 12808
16925 17030
9978 3363
6361 6354
13776 12956
12417 12414
15871 5689
2841 5491
1278 12326
4425 6151
7213 26461
1646 1647
901 2725
1665 1660
27503 27496
16925 16922
10700 17469
8023 8021
12108 12948
14706 14704
2027 11811
14029 14196
1198 18345
20364 11794
9235 7991
27517 27515
26733 6007
13975 2067
12163 991
6359 5998
19046 14902
2340 2593
27234 17778
3484 995
26869 27745
27393 1098
9409 17189
6272 6295
13899 11992
11557 14134
6795 23948
11744 11745
199 187
9748 2
16615 27969
16259 16256
3226 3746
5165 2648
6541 6540
5076 15371
12910 11599
992 991
7986 3887
12943 12944
7043 8629
20619 21307
10186 10185
25394 10237
64 83
11259 10104
12496 12898
25437 27576
1686 21680
1686 17479
17331 5262
5987 6260
6805 26369
20896 22231
2343 18688
2542 2538
20872 20827
20553 20552
3566 4029
11315 15903
24059 24109
24971 20993
6422 3340
17477 28068
8219 16122
252 561
27824 27819
633 1421
2086 14164
11774 12108
17344 7688
26980 20489
16756 20993
17479 11525
3472 3468
6500 6498
7530 7804
1087 315
10240 1628
6477 1118
6787 3064
17311 17310
11762 11761
12622 12619
16102 27824
387 89
17226 5868
2068 416
1190 413
19560 573
5750 14789
19952 3837
559 546
1624 4842
3726 21441
22199 22517
8393 19405
26974 6980
8503 4230
733 847
13264 3347
11300 11299
3363 3538
21616 19163
1389 12034
3863 3861
4878 7811
625 5222
6578 3950
10502 10501
308 1085
20094 19354
8520 8519
10160 12723
5729 21388
3291 8021
6875 15958
2173 2172
21926 20493
26715 7106
27167 17066
11860 11757
22538 11194
2796 2794
21085 21082
21049 21388
22122 21307
3291 4759
19356 2513
2332 14704
10204 2068
11707 12417
15353 7912
3538 5124
2478 5144
27298 22366
1293 4166
15479 1083
11637 24143
913 912
12201 13110
12005 12003
11637 465
2933 21121
22155 22544
1345 4743
26287 22857
5704 10202
20323 21001
12510 15787
19781 13070
6355 5998
7053 6794
20741 22682
6216 6297
8 4081
22896 11265
17992 21467
466 24143
21598 23013
24193 5479
22712 20489
3762 4707
706 10246
4354 4353
20855 24366
15726 15727
26285 21363
2907 27992
11532 132
10170 16783
3723 12070
1662 1659
20775 22572
5041 3226
41 1117
17798 17787
7394 9544
12893 5887
12512 13860
16273 21908
7767 7611
0 11144
4135 1168
8609 20200
7117 7465
7767 8779
26283 22054
2180 2938
8649 16337
15791 12944
972 2794
27114 19767
1228 2491
2176 3987
6589 10729
2545 2541
7905 8605
3246 4574
17311 17002
847 2735
132 18739
12035 12780
12245 12324
6897 6765
7918 16653
87 22645
1481 8161
182 4452
8871 4641
1627 6000
11377 27682
5619 1314
4743 1680
2895 2896
5704 5101
6266 6265
13765 14288
26733 8653
14553 2475
4864 11476
8878 7138
18559 24105
6839 6837
3231 3232
3566 8406
25470 25468
1863 857
3296 3297
456 23656
25555 7984
1491 1628
557 555
21086 21083
7863 17309
28068 8878
9153 16997
9208 17458
5819 5818
15861 15860
1278 2045
4187 3626
6776 9992
12399 2695
849 848
4635 16096
5439 2564
3083 3081
5076 21171
27500 27497
3170 1020
27821 27818
95 93
20323 20693
456 5468
7450 1985
447 2238
2792 3777
27787 27941
19952 4952
2684 3197
387 386
4559 4558
6955 25576
7070 7069
21445 21443
17479 20345
14896 14962
2312 63
22654 1746
6272 6271
9300 9301
27787 28062
20004 7707
723 722
24282 27093
5933 2146
12720 13380
18164 17186
22859 22860
7942 7937
7549 9403
9261 16664
20378 4134
8503 17251
26714 6801
5062 991
1321 6390
16828 20132
3614 7510
11544 11848
17992 21630
15596 4584
24898 22464
3455 15101
21087 21977
6361 6356
3150 1633
12864 5228
2124 13840
7416 17518
4584 15595
1372 1373
6617 26698
11774 15693
484 453
13040 13038
83 4310
2643 3788
4857 4615
21830 20974
5831 125
3086 3082
19779 4569
1389 12344
27503 27498
4635 9117
10700 17471
22654 21357
2355 7707
11482 10273
17418 992
11827 12708
28075 28074
17478 28067
8731 16862
8084 8649
7941 2413
3001 2341
11247 11049
1228 6855
7171 9850
4743 3587
1775 608
11172 11171
18322 8164
11859 11549
3566 9145
21382 22517
68 4917
1365 5813
20817 9913
7697 18160
12604 12605
15128 12426
4878 15947
23213 1591
20880 26184
10 2882
15458 21642
357 2697
21092 25020
24806 270
12462 12148
1321 1168
2389 2995
25471 25469
5840 6616
27374 27343
14136 14135
11101 20514
8674 17859
9235 9524
6768 3858
2237 2722
20768 21001
2355 7144
11327 26869
1087 304
12998 13942
3566 5078
2542 2540
3937 13127
6268 4151
11101 7803
6761 16098
3298 79
20756 16187
20460 15371
17477 28070
3838 19951
19755 19756
10170 7415
2957 954
20698 21551
5647 5645
15652 5777
27824 27821
16388 6828
11749 3715
3472 3470
26874 27383
6919 5437
14723 11585
12622 12621
16104 9176
12946 12947
17311 7863
20757 15607
559 548
3566 16058
9306 9309
6776 16355
13065 480
18322 22661
13714 19356
10305 27480
15703 13383
7632 8877
27024 21557
6874 16109
5078 9150
21278 16891
3370 5687
2245 1111
1644 1645
13775 13300
913 16887
22454 20880
12946 12960
2783 642
12397 2838
17925 7281
1152 3290
858 857
2332 14706
1627 2122
71 972
1560 19559
21150 21149
25677 16393
16979 20585
11533 11256
11461 3503
6034 10483
26988 26986
11596 13756
27986 17457
15992 16653
8167 9399
9145 16665
2356 2352
14590 12708
25379 21021
5901 690
28074 7663
7939 7936
24055 18487
8329 1180
25394 25207
23382 459
26980 22264
11525 2104
12457 4528
9331 9328
9340 26824
2763 6769
12358 15102
15730 15727
992 5236
17381 17380
15894 9419
27480 25475
4635 4634
19080 20730
1183 9153
26891 27066
12163 15048
71 3321
15726 15729
3837 3836
1012 25486
26877 26875
6874 10069
21101 22330
21711 22259
8 9802
1662 1661
26287 22054
22123 13572
1283 17025
12043 11842
15862 15859
13560 2124
15600 15859
3291 9796
1903 8553
7078 7216
17591 2119
1164 17784
14204 14203
11145 489
27620 25239
5346 5345
17398 15990
2545 2543
12961 4424
12587 12585
16856 16424
12976 15578
15600 3966
2589 2586
3339 5787
28075 6800
7574 18121
9978 12427
16665 18290
12687 12708
12282 14874
21714 20291
4822 4823
696 3507
7528 7802
26981 11144
1758 24242
27818 27819
16756 25009
7275 28038
1481 8163
13879 13746
7071 7068
11611 13622
5267 12757
16227 8157
15922 15923
6956 16917
1425 125
2312 5287
4970 9309
25394 25354
20004 8272
8272 19223
191 194
11961 11870
16847 16846
15787 18852
27971 27630
16112 16922
18291 27066
7244 7117
5592 8245
2827 7840
5996 7840
4224 3453
6596 7835
4804 995
22712 22264
7465 7466
13070 19777
21083 21080
21086 21085
6014 8540
22830 20980
3087 3081
3150 7567
7943 10366
4286 24804
83 1842
3448 14845
14935 3538
1947 8706
27821 27820
25379 21881
12678 12850
3566 5388
3887 11859
27787 17326
8360 19177
28038 16679
16567 15916
19080 25899
26974 23373
7231 8480
15938 16122
24793 27126
26841 11180
6578 8329
4153 6272
10980 10977
765 684
2461 16632
9875 3118
7942 7939
7579 5901
17382 17381
22124 22120
6372 14209
4163 16237
1190 1543
6981 6854
12722 12344
12696 15095
7137 7138
16152 8480
3566 6798
1718 2830
11621 11545
42 5587
6358 6353
7199 7198
6361 6358
11584 12417
26388 6000
7463 7244
6355 6055
9849 12756
11493 24313
19594 8053
8037 5035
26824 26946
3086 3084
3244 4424
27503 27500
6776 7216
11146 11144
6082 7064
17478 28069
1020 3259
15610 15609
992 7627
6357 5956
6812 6765
734 3841
12650 13127
14845 11955
7190 7327
23391 10109
8695 6940
2355 2353
4849 16295
11721 11617
1389 3957
16467 21915
15025 13993
7862 11059
5492 5491
3455 12204
8023 804
11289 11290
7320 1327
976 2448
25087 27575
17260 2461
557 249
11656 11757
16427 7627
6766 3858
6874 6875
16670 28030
1254 19839
2818 9001
12976 15754
27002 11258
1190 1101
2406 10225
3619 1587
15406 10729
1390 1391
3239 15595
8674 17861
7863 27970
6759 7238
11860 15586
26869 233
6948 6945
16108 16104
12336 13300
22208 22207
71 4799
695 19444
11707 11816
20321 21711
20550 20551
10807 26283
1508 1504
4082 4098
10205 15103
12275 12273
6707 6711
20635 5053
20666 202
11254 3065
1152 11668
490 11054
9810 466
6784 17925
5858 6096
21728 20644
15025 1416
4647 20701
8161 8163
9742 2402
12666 13942
1203 6358
12987 15754
12204 12864
12925 2044
11875 11871
22212 16677
11830 14609
12948 15762
27137 26977
12105 12104
11145 691
7936 7937
5236 8156
22819 20472
559 550
23364 17828
11149 17779
11029 1684
12833 19609
21289 21482
14789 15674
4311 83
20519 20517
13584 4201
11749 11772
13387 15701
12336 2709
20410 21284
16862 17730
9875 5388
2208 7876
1663 1660
20757 21099
27501 27496
4635 16395
1380 7953
11796 13052
27678 26900
3742 6729
16114 16524
7320 9637
7702 16643
25548 25434
15545 6689
24105 806
1718 1717
1832 19495
71 19175
15780 12864
8963 9564
3937 12687
18161 15080
20855 25175
6956 16651
2590 2585
21881 20323
2356 2354
13794 991
11706 12583
14078 18722
18132 5115
7939 7938
12987 12976
17085 14193
1829 1827
3042 2049
9810 11809
17270 6776
20602 21817
6979 6812
9331 9330
9145 8157
2417 18212
6018 2381
15730 15729
15916 16902
4584 12511
1496 13402
16511 7663
83 3441
21892 21212
13714 12379
3566 16665
27593 25354
13065 13690
13714 3519
12164 12242
4169 4311
11391 15702
16108 7165
11897 11898
12852 11596
12822 21516
16038 15966
76 139
21693 27576
21445 21058
26714 7113
12046 3740
3298 15988
1090 12468
11531 3065
5613 13191
15862 15861
4434 11533
15600 15861
11646 13605
4707 2243
6185 6183
16567 6790
6066 8706
19211 4424
10104 5479
25268 22494
2589 2588
5820 24636
4041 13120
15584 11544
7654 8963
2838 2474
16831 16783
221 247
288 8
20323 20442
12367 12439
17998 18323
25938 21363
7071 7070
22464 21693
3507 3508
21778 26815
22208 21444
6758 8007
15696 18322
557 546
9748 2639
27035 24793
1628 8040
3862 3857
5105 9849
4955 17260
8405 7676
23382 5388
13292 13291
19349 62
10160 11601
2021 7863
1389 13248
16105 16103
17712 17713
11117 11116
1093 1586
17798 2181
21083 21082
5290 8969
1978 1979
25268 27408
3455 12864
6363 2243
3087 3083
11861 10486
4025 11445
9978 15128
7117 8074
11531 11254
20635 20518
7886 7767
10205 4675
10703 23382
22454 26185
12186 12619
12623 12620
5134 1639
23434 23432
7690 5613
20291 4880
25901 25900
14740 11299
4146 13024
19080 25901
6014 6798
20501 20410
22156 21014
2578 1233
213 210
10980 10979
37 6400
15097 2124
556 549
17249 27821
11816 11601
1345 19849
12696 15097
6349 6350
7209 7208
13776 14009
6796 6810
357 4661
4210 11746
3298 16848
4573 3921
21470 21682
15458 22788
16921 11144
28071 28067
1069 8021
11714 11711
12974 24059
4569 12029
490 1928
11577 3748
15947 7676
12005 11136
1069 4759
27503 27502
11476 19423
6798 8963
3245 5065
7465 7965
3148 3146
11861 2460
9748 6411
69 70
1509 1503
1770 5974
17812 25207
21249 20299
6473 1151
5062 2405
19560 19559
11518 3676
6948 2612
11679 12898
12076 13766
17935 3033
2906 243
5685 5686
16307 16303
11656 11867
3170 13535
7685 5995
20055 21379
904 2160
20538 20301
6719 3664
21049 5729
6950 11144
11869 11867
12149 12150
64 5566
2158 3359
18322 22289
1228 456
20363 21882
3051 14193
7941 1612
553 546
11774 11980
16670 28032
19288 22496
8567 16303
5439 6919
7340 15917
7861 17309
444 495
19759 160
1228 2792
11124 11053
1276 2045
12132 11846
41 17754
1767 6978
26717 6782
9889 15916
17668 7253
6808 4163
692 18209
1087 308
20788 20425
9811 11795
11507 19341
14210 14209
9181 4983
4920 18526
1496 17445
18101 18102
445 2238
20425 20787
1508 1506
20519 11525
51 5236
12722 13903
7068 7069
5688 5687
6804 17347
1250 9697
9145 28078
13887 12364
7940 7937
2312 4310
2611 9036
7991 291
4353 6377
7095 7064
8464 7799
1171 2126
27900 27941
1882 9802
559 552
540 4474
225 1430
5340 6000
18239 8896
8039 8037
17479 21680
9159 7802
16831 7415
2488 1624
6013 6214
7357 6956
15914 16051
445 386
15947 15999
3201 513
26980 27153
21080 21081
2337 933
27480 25224
7811 8294
13387 15703
5956 6353
3084 3082
1663 1662
27501 27498
12868 14320
20452 22451
6982 1767
21516 22550
610 611
11886 12947
21058 21443
12108 11599
480 13333
11345 18487
639 11111
19496 19495
2578 2577
16863 8629
15598 15599
13602 14702
403 402
16804 16801
4286 270
1152 12046
4743 5619
447 445
7702 15948
7320 8484
25232 25028
7767 8880
11707 13712
1365 3415
4169 5239
857 464
27626 27627
356 2168
9176 16103
11373 11328
2240 19564
24804 270
8360 6886
12417 11549
19781 12029
10202 5101
20845 9913
16445 9526
19144 26869
6355 6354
1089 14154
11391 15704
4745 5412
1012 25490
3591 12415
6776 9501
12822 12887
27823 7509
13903 15141
3566 8157
7275 7384
11442 11441
6492 6709
3619 5953
2111 22550
15600 15863
9687 992
12555 4787
12076 12666
11100 20493
491 12784
3246 1655
16105 8158
15829 18840
12448 14231
9992 17025
4407 9796
20946 20945
11780 12496
15903 19405
10160 15791
19081 25900
26460 26429
26283 21363
565 547
6795 8157
18710 3218
214 209
2201 91
4172 12006
8398 8601
557 548
22674 22673
10204 706
26285 26283
2111 21516
314 1086
5028 2838
20469 20619
22568 27121
3239 12511
550 545
3363 4404
3862 3859
7464 26372
9130 9129
19560 1560
1190 4783
6460 6487
7986 1278
3493 17467
8603 8602
6777 9577
79 3296
5788 203
1851 1001
22292 25883
12808 14348
466 12043
23323 25576
10325 5439
12550 497
2068 706
557 561
5035 8452
12235 13439
12047 15832
17457 9208
26574 2721
3972 3973
21908 22860
16664 5078
6311 7158
17345 7691
12395 13024
15978 16801
12623 12622
1692 15479
26287 25938
22443 23288
20350 22724
21823 22119
15803 12747
3768 3769
6797 8192
8410 17955
12099 11834
6987 5091
213 212
15728 15727
3712 2598
556 551
4964 4734
1278 12321
16828 20475
21551 21552
2356 14075
24062 24063
27972 27969
17249 27823
12163 47
6796 6812
11130 11046
13029 13030
3363 8163
16709 14754
9889 6790
26820 27353
12479 20699
26974 27002
13091 13090
16257 16350
6209 6234
3370 1908
22340 23001
6972 18759
1069 8023
345 344
11714 11713
28071 28069
690 11144
3246 19777
20438 20756
16058 16140
17618 15918
21738 19405
16994 16993
5153 2404
11164 11165
13771 2124
8304 16350
2587 2586
1024 6415
16925 16112
18322 21110
14210 6372
20898 9750
19521 21434
1509 1505
26285 10807
26978 16921
12747 3723
15048 15055
15013 14805
21009 20585
15916 16033
765 3158
12108 13306
1527 1266
24193 11259
3591 2792
6806 9849
63 873
19575 19576
15726 12876
27866 16952
16307 16305
2978 2979
3838 3837
11577 11576
6791 26429
14209 1545
12204 15875
6956 15916
8 75
12822 21586
12077 13067
11979 14481
25268 17303
24193 10104
19349 19354
1228 4888
6364 6363
2744 718
7224 7221
468 20412
831 15805
22625 25640
6044 6092
15988 16565
8567 16305
7123 6765
6185 6482
676 66
19759 162
6790 17438
20835 21549
62 19091
1627 6411
11250 2011
20788 20427
2895 1910
20619 22833
17478 9080
16102 27819
907 608
20622 20623
15894 9854
21728 20756
5938 16296
11824 11816
17318 4634
16383 20864
5222 1796
1008 8769
4487 1118
15780 15875
1293 765
11518 11517
26945 87
1236 2
17085 17083
21307 22833
21899 9913
7466 7117
15726 3453
263 1832
7940 7939
2312 4312
11780 11638
5548 8274
7943 5995
17900 155
7941 701
5901 6857
25539 27177
22122 22120
3273 11345
1057 1060
25548 25425
27516 25028
559 554
12647 13559
28062 27941
11650 11649
20321 21849
20768 20323
11706 12224
5003 3613
12528 14776
18013 18354
6353 6055
5933 1268
24936 20323
9176 8158
8294 26466
13602 15859
1069 9822
12376 13860
27501 27500
11908 12294
9668 26498
3647 7627
1496 6856
4734 19495
20427 20824
406 2917
12812 12333
8629 16862
2544 4917
8209 23860
11950 13765
11413 8393
4434 18866
10662 11383
16664 5388
17085 16412
12016 3623
8164 22289
22340 10116
14079 14080
7488 26621
992 7457
15947 7854
13042 13037
21001 21045
8873 8870
11234 23222
17886 5184
5134 18287
3246 4569
27972 7863
2355 10225
1528 913
24404 18889
11300 11094
28004 1665
9583 6643
7206 9501
459 3264
6796 7122
6018 4842
27972 16615
1560 572
3455 15875
20891 20890
1506 1504
19541 3135
24703 1630
17591 2125
11656 12045
20699 17687
3769 8114
11043 11064
191 187
2937 1841
3838 4952
20734 5078
12275 13487
7500 17424
20796 22171
5134 6636
10911 5633
27986 9208
22156 20642
27992 16836
19081 25902
21099 20896
2004 37
6868 7240
2208 9895
6876 7064
2005 676
3445 8296
4675 15103
214 211
2201 93
2275 42
13954 3723
19459 13632
11586 11585
11374 11177
6897 7123
557 550
8005 10069
20841 20493
1481 14935
11054 11172
20693 5053
550 547
9130 9131
971 540
18422 19907
19595 18781
6801 6782
547 249
21110 21822
20767 27081
1936 4080
6827 6956
3566 16227
5619 4826
16921 2141
11592 11642
26982 18383
17618 17530
20897 20896
4745 7187
2539 2545
18559 15603
557 563
12163 13794
2627 14443
2797 19055
4762 3340
1842 4310
15876 12204
8295 9511
16986 27991
2312 3441
1700 6297
2956 2954
13090 3459
5648 4308
6956 6790
992 13794
9520 14789
16308 6771
1385 19912
11762 13234
26 2566
13661 14952
12417 12411
19900 19901
556 553
13043 13038
1359 6798
3051 17083
13388 15702
6460 2314
3325 3322
17228 21350
21213 7680
15080 15666
7054 8385
7017 15902
7691 17344
4514 5560
19781 19778
8649 7635
342 341
16433 22176
2093 6096
7447 16839
16992 23860
5993 4891
1182 5687
3246 19779
11724 3277
6766 6763
3125 6428
20841 21111
21226 25648
12476 3555
456 1530
18239 9558
5078 8877
3681 3613
7122 6812
2070 2069
19435 11045
1509 1507
3170 12708
1266 8165
27592 10141
8290 7005
17588 5023
13221 2598
15730 12876
11890 13903
19026 24059
7955 7954
2406 2405
1473 4415
12324 11886
2125 2126
20364 21014
6356 6353
21278 26080
6359 6358
3860 3857
24131 18906
15607 22231
420 3512
21276 22449
14667 14668
8945 3566
13771 1321
18781 8053
3853 3854
24787 2443
13479 11766
6765 6938
7224 7223
73 4572
11115 11116
23213 26795
3587 1345
2761 2057
28037 17307
1790 14163
8567 16307
16433 21384
17618 23759
16567 7320
16665 7626
5858 5860
11632 3125
17667 11048
2004 6400
11687 14846
27870 27868
20855 26081
18608 20418
6905 16114
5236 9425
24917 20996
11094 11299
12510 12146
6828 16096
4375 8113
1278 1277
10486 12648
1190 181
11656 1388
9276 4995
5184 3492
9824 9001
8876 5290
15780 15877
1635 20947
8342 7800
149 150
15730 3453
25150 4844
7975 10258
23326 267
11869 1388
728 729
315 1085
18164 8484
20875 20438
211 210
23207 23206
3863 3858
6034 6035
21830 21829
21029 21026
547 546
6761 9932
17587 7510
7702 16636
24787 18913
8161 14935
16106 16104
25493 25491
7567 1630
559 556
1775 524
22789 22787
20460 3957
3445 4405
28062 17326
27297 490
3246 4424
28069 28067
12961 19211
12003 11136
3455 11889
15612 15609
652 87
6027 6237
18034 27167
12780 13164
18587 17702
8329 8759
27398 11172
25203 27593
6233 6234
7785 5922
6790 7320
21276 25174
16872 8601
8838 9804
1810 24293
4615 2405
23289 27408
28071 8878
16305 16303
51 1536
5028 2695
5053 22939
26714 7106
14315 12898
10366 17594
2838 14010
13042 13039
22121 21307
8677 3039
8873 8872
11925 13242
5564 5563
5076 22778
8440 6775
2545 2538
1476 5936
1486 6395
12367 3680
12590 12585
12365 1621
7466 7966
11774 12965
11774 14951
12479 14703
5552 6613
26715 6782
16665 9425
17865 20002
12583 12582
11476 18906
1228 3777
7384 16679
3455 15877
6480 6595
24703 1632
20730 25899
3291 9804
20699 22119
2387 19456
13674 13228
26874 11097
7796 41
11414 621
2830 1717
16448 1560
13672 13798
47 14962
24192 5479
883 4617
15406 6589
4375 8276
925 17860
7472 7464
1212 19839
20094 963
1831 111
16106 7165
20378 3876
214 213
8039 23948
1116 6666
557 552
21086 21080
288 2350
21881 7994
25493 25533
11689 11685
4566 6423
7275 17550
26950 11105
550 549
9125 6840
24898 27575
12454 147
3233 8499
16670 16669
12696 2124
3244 19211
3088 1436
17990 22881
824 19218
23364 3768
7146 3291
582 208
19459 21110
20055 459
16904 9373
6854 7549
7509 9207
7716 4841
3335 8897
478 13333
1531 7187
6902 16113
4559 4555
8464 16260
12492 14789
20907 21091
5866 6627
4709 11144
9145 6795
3298 8197
16827 4844
20458 20447
6937 1060
22192 20637
6771 16303
15939 15938
12046 1089
9743 2405
21279 20855
6747 4282
25938 26283
957 2956
17493 8963
18184 18185
11558 14224
7427 1947
11461 5660
7357 8304
19779 12029
12666 11922
3150 1630
3762 208
992 1903
9754 15897
556 555
13043 13040
3828 1730
28067 8878
13388 15704
24131 24130
11721 11599
3325 3324
27503 27495
22763 20358
3085 3083
6828 4634
11798 11967
2488 6018
69 63
27495 27496
6128 6357
12367 1278
11440 11441
14671 13110
19781 19780
7864 16456
12163 990
2279 4797
15810 18523
3246 19781
12088 13584
7276 2141
4996 4932
11861 1527
4709 22366
6585 5936
6766 6765
42 1515
1862 200
18189 22275
6734 7227
6018 1624
1541 1542
17381 25256
6734 27872
1633 10176
3345 7867
2648 2277
6979 6765
2021 14193
6782 7160
6541 6539
9391 4315
24289 12543
11890 9933
11721 12901
10186 8427
17371 16058
25471 25466
6980 27002
15101 11889
6791 7064
16837 7722
3377 2278
47 14896
1608 1609
252 547
6356 6355
6700 21471
9833 17613
6920 6922
149 11911
14330 4054
548 545
3860 3859
6034 7997
6994 8039
79 5207
5150 21977
18218 7649
17484 28070
16140 21915
11450 7954
28030 28031
20553 20551
9261 8877
21357 5033
17477 28067
4878 7676
5592 2818
592 709
28071 9080
15545 13
11055 11481
7875 11063
12345 5544
5748 4233
911 5831
19435 24134
28078 8157
3472 3467
6500 6497
3458 3569
2517 3769
2356 19356
1203 6353
17311 17309
883 4685
20898 15607
12622 12618
22184 20774
13765 13764
19560 572
20683 10700
9 2882
28066 9207
5531 13401
559 545
20875 20440
21773 22573
26286 26284
12453 9520
7275 16679
27993 16986
3863 3860
904 435
554 551
992 16992
1276 12321
3100 12468
18842 18843
8421 10202
11537 1267
11877 12218
16667 16668
2208 6824
15353 6972
18730 64
456 3318
2578 13187
2111 16690
6887 11177
5789 2274
3853 12045
20308 22557
3768 17828
4556 4554
3135 3134
14337 13343
2067 20003
1758 3218
913 911
15612 15611
7708 1877
6796 6979
9978 3538
3542 15162
19647 1469
2068 2067
24806 24805
2141 596
11707 12429
7510 17060
7994 2355
4351 6377
16021 25056
20699 20698
3246 13070
9330 9329
8 4080
26948 25463
8602 8398
4878 8294
11717 12070
2404 2403
1491 3345
21067 22787
435 1114
4354 4352
8497 882
18407 1908
4474 970
14078 2744
18314 7867
540 4025
1849 2531
2119 2126
4419 4417
2907 27991
21567 21568
28063 27900
2609 189
7804 23936
27217 19706
16746 9524
14703 14702
13042 13041
15791 12943
20055 3118
5564 5565
11861 13259
3712 11772
8075 8076
11727 11687
6050 26369
20837 18322
12577 1277
12590 12587
22156 17479
6181 6180
9748 1345
11449 11450
3053 2165
20898 20897
4585 4584
16350 15916
13714 11461
3370 3498
8272 2066
27764 15916
27993 2907
1097 815
19845 19846
5729 21187
7954 6860
20730 25901
27297 1928
15080 7697
6298 6297
2941 5980
21049 21187
15705 6473
3938 693
16308 16306
6360 6128
6854 9403
11533 27147
1491 8969
11578 11577
5674 8540
249 546
3566 8405
11599 11636
27383 11097
1477 5479
7633 9262
8546 17594
11707 12108
27174 27175
480 3569
16615 16614
6784 5035
6828 15924
21110 21934
1097 4440
557 554
21086 21082
7863 17308
26593 2993
15861 15859
23894 23291
6800 16993
21934 21822
21581 22229
7003 7001
2013 921
612 611
25161 25183
95 92
1746 1745
447 2237
11780 11697
8803 6912
3335 8899
13697 13698
1228 7646
13306 15762
4559 4557
22113 20373
5866 6629
7070 7068
23289 17303
2340 2339
6771 16305
17270 8570
27787 28061
27434 26216
8091 7470
3046 12529
5388 1527
13602 11717
6587 9664
22123 22121
135 406
5062 990
21026 21027
3566 6795
519 517
6401 1028
563 560
1254 16427
17187 3445
26 2570
21823 21307
10781 5903
27153 21076
28063 27942
51 9982
2145 6543
1775 4795
206 7641
8035 21696
2093 5858
26733 5177
13040 13037
8871 8870
4425 6152
4201 15829
13043 13042
27503 27497
3853 1496
2405 9742
27502 27501
16567 6827
3647 13176
11861 13072
2585 1752
1475 2897
69 2280
12453 5750
3277 13350
19778 19777
8035 20770
27517 27516
7064 26460
9637 1327
2517 4442
5550 9802
47 5086
1253 4403
7596 16414
12808 11697
17030 16922
4236 456
7864 10163
9978 5124
3553 6586
3484 299
25195 25183
13571 2715
9412 7638
1471 19649
525 523
24568 3595
41 1642
20365 20489
7654 6798
12757 3370
25471 25468
21567 20818
20022 4285
12623 12186
1126 10202
26284 20774
3614 9053
6351 9396
548 547
235 87
573 19559
2199 2200
2897 2996
22443 10141
25358 1216
27822 27818
17326 27900
2074 8557
12237 13439
2103 11244
15136 12383
17477 28069
16105 2153
1491 9145
17504 19046
11406 11003
3876 17438
18717 18716
7320 15916
4879 12188
633 1422
4652 2612
19895 27090
21058 21075
17059 17060
1282 1279
87 21076
3472 3469
6500 6499
12076 11922
6503 6504
1203 6355
3235 3233
235 450
4635 17318
563 252
559 547
1069 3507
19647 19646
16306 6771
4076 1755
17992 21442
6781 9464
1591 24493
3863 3862
269 2141
554 553
12969 13953
2491 2792
11642 11643
21029 21030
6093 6094
14136 12524
5105 10154
2149 26891
14007 24653
9467 9468
3597 3598
6303 8792
6857 1767
19521 20301
2796 2795
1278 13308
12453 15012
4163 16518
22819 20711
15353 18759
92 91
2175 5831
7708 10389
1388 11867
22425 20299
16350 6790
16891 21932
13672 13184
27764 6790
21307 13632
22819 22818
10483 6035
1680 1314
5621 11481
12974 24109
4848 4849
16107 9176
19238 13839
6360 1203
20855 16891
2356 3519
7706 3940
27230 27393
3118 12887
12283 18189
27136 26977
15730 15726
1057 3644
1031 6395
12321 9032
16873 16872
6982 7265
1286 17467
25379 20323
21067 22789
7122 6979
12423 8033
19983 9391
2609 70
26584 26585
6994 23948
27016 27181
12453 4879
7394 9545
22507 12743
17457 17458
11827 13233
509 634
21112 21111
517 6645
6857 19405
6800 9974
6955 23323
15371 3957
19288 19163
20425 20824
21965 21966
9419 16219
288 113
6776 8570
6767 6764
5346 5344
8570 10235
5062 1421
2355 11507
77 4279
2608 841
12590 12589
6800 16511
16567 9352
12076 12782
11816 12148
1028 6423
8536 9577
27578 27577
7275 28037
8769 7304
182 4453
5670 9992
17084 14193
21932 25064
20757 20896
26945 22645
2680 12098
14230 13679
25859 2721
15728 3453
1903 1560
18290 3566
25468 25467
2344 2959
19081 20768
9150 3855
3861 3858
6875 16109
17303 22494
16207 17424
12948 15693
7685 8515
14085 15139
6827 26426
4878 7854
13874 13872
545 546
3277 11687
3762 4266
8595 10133
21027 12368
20640 8953
3075 3070
11808 12162
11476 11460
9889 27764
12453 15872
2539 2538
5901 489
1491 1629
557 556
1269 3502
21086 21084
7863 17310
8897 8899
27186 27187
1364 3739
15909 16804
11408 11410
12282 5787
8872 4641
15685 10680
7863 7861
22896 1267
24110 12974
25232 25883
27821 27819
23656 1894
16856 8397
6790 18909
490 852
12046 12047
4505 2337
3469 3468
6497 6498
12113 208
4515 4516
20438 16187
1808 1807
6840 6837
20635 20636
467 87
21240 21241
3594 15662
1731 7710
2021 17083
459 3875
9512 16355
1023 3459
13788 1171
6776 16651
12383 12756
556 546
17303 27408
1261 1530
1832 4271
17382 17380
6128 5998
15103 14623
11971 12933
17249 27818
11315 11316
22443 17109
26820 17778
976 1024
6875 10069
9239 5471
333 6516
16606 8649
563 562
9978 3595
9176 2153
24805 20022
11371 11369
3566 5750
3125 5253
13040 13039
7672 2398
809 739
22119 21307
22054 21363
3118 3264
13386 13383
20378 17438
23945 37
1161 1312
25802 25207
20659 20575
6797 9489
4227 921
1365 9184
12588 12585
5726 17493
9207 9208
27518 25232
5750 12188
3246 19893
17478 28068
12528 12985
992 7626
21218 21212
5910 5909
13091 13098
25394 23288
1109 2963
849 3790
7113 7106
12293 12300
1844 1840
6763 6764
6596 6587
9235 16746
1276 5062
11599 12148
20372 20373
762 25486
20642 7173
11532 18739
7803 26922
15128 12427
20855 22449
17925 17739
20683 20945
2021 16412
3344 17031
5412 7187
453 2635
5807 5730
13998 12324
11704 12965
7863 17002
7596 16887
25471 25470
16388 16494
21092 20941
2405 14200
17786 21350
20642 25845
7863 27969
24641 7872
6759 7237
21846 21817
4486 4783
1153 1154
2013 4227
19223 20004
7231 7232
4134 1628
6360 5956
2542 2541
71 4798
11827 14590
18291 26891
7811 26466
2068 9037
7530 11177
27822 27820
15458 21067
16448 572
1508 1503
10205 15102
12397 5028
21176 21177
4557 4555
12946 13874
27575 27576
2068 20004
5864 6627
20698 21552
4762 6421
1283 5670
8158 8157
2029 801
16257 15916
3472 3471
22184 22054
8781 8779
6938 16526
1069 9804
4878 6983
1203 6357
27895 16038
2181 17787
2405 1731
560 249
6045 6042
4300 10389
7144 2752
11187 98
11868 11867
2491 4888
559 549
2517 3894
8304 15916
8570 16035
242 25459
8549 8550
15586 12045
10305 27481
15097 13840
1228 1058
28074 9974
629 2944
7106 6782
6956 9992
25532 25533
12969 13955
4236 1894
12492 11815
16874 8398
17228 17786
27501 27495
28074 16511
16272 7017
2430 3494
6786 7716
22678 25958
3525 5158
16188 16408
4560 4556
1024 6223
19144 27671
11257 11137
22571 22570
1481 1480
14042 12719
16105 9176
14582 14161
8272 20003
20817 20452
21887 16690
26988 26987
27986 17458
8192 9393
9157 15966
2356 2353
13794 990
1665 10807
11706 12582
26241 10141
2005 66
7939 7937
5998 5956
5041 3445
3291 3018
7991 9524
9608 9607
15136 9849
24793 24281
1152 2715
12358 15103
753 754
4641 4642
27379 27343
12961 3244
23945 6400
3566 16664
799 19300
1086 1085
8771 16401
11391 15701
8896 23751
9270 3024
13037 13038
27016 27183
907 524
14707 14704
8497 13839
16828 15303
2274 203
7834 7833
27518 27515
1020 3555
13306 11886
6776 16035
5092 3359
3207 11604
15862 15860
15600 15860
10703 17636
18811 17779
460 636
3053 62
8219 15938
3448 13652
6767 6766
7574 4351
5819 5795
12587 12586
11687 3927
6399 5552
2995 17467
11816 12150
6797 7584
5086 14962
3345 10154
27040 27001
4484 1796
5423 1486
7017 6769
20757 20898
1491 16665
7811 9259
21112 18322
557 545
20004 15147
6837 6838
1278 13110
17477 8878
4134 6234
20699 21307
6806 10154
17504 14902
880 2632
9475 9804
3861 3860
5795 203
12002 13077
9875 17093
7427 6007
8464 1314
5322 7567
2546 2543
21435 20301
8158 7165
18909 17438
12510 18852
2517 17828
11875 11925
1171 8823
11898 14309
26982 11144
20531 19521
4201 18840
1544 181
20370 3065
9774 27900
260 1439
4804 299
17345 7688
3133 3134
5619 1680
1496 15416
3473 3468
3459 13921
17479 20685
11602 13119
513 838
20426 20343
5322 3150
11596 13799
22454 26184
12186 12618
12623 12619
8194 5115
13690 480
24641 4920
7863 16615
25901 25899
24573 12858
19080 25900
560 546
1936 8
20055 586
213 209
8732 28031
9875 7549
11652 12014
556 548
12574 1480
12448 3290
3459 14163
2344 4384
21600 17469
3758 2418
693 3936
22451 9913
1087 1086
17249 27820
8039 8452
22706 22705
25195 25161
7209 7207
20452 9913
28061 27900
22123 21307
7144 3291
4707 6364
182 1101
11749 11960
15458 22787
345 341
7345 17052
2067 706
15909 16243
27266 27265
6797 9491
12588 12587
26574 6706
1531 1261
17478 28070
11931 14983
3707 5997
16257 6790
9780 16656
22345 22187
6356 5998
6640 3542
15666 1330
1965 3933
13401 18739
189 70
4583 4584
12924 12923
6897 6810
20699 11200
26241 27592
25404 25405
8304 6790
20363 3559
12453 15674
6359 6353
1171 17025
18510 2445
1328 2716
9874 18132
2513 11507
26286 21363
1790 13098
2027 12516
5086 14896
904 2159
5672 8540
26877 27402
25087 27576
1531 456
9239 480
6924 6926
307 304
20378 18971
202 20667
478 3569
26284 22054
20006 2066
3246 19211
5619 3587
9805 3493
7459 16776
7863 27971
5062 14781
17617 17867
2604 267
5901 5902
3595 12427
26081 16891
8091 8092
22820 21732
2955 955
9774 27942
93 92
10807 26284
1744 1745
25437 24898
7158 7106
3291 2752
9774 28063
5864 6629
1529 5176
11599 11816
3595 5085
19033 18956
6824 7876
2074 22682
16891 25064
1848 24325
5062 13976
10160 12944
1628 5074
4878 6985
6827 8295
4955 4953
912 3177
79 2422
6045 6044
380 19797
13804 12715
2895 11130
24192 10104
20788 20787
7581 17509
3291 18980
18322 20907
561 560
1684 12674
1491 8344
1228 1060
1473 17860
5847 6446
20519 20518
1770 4726
3084 3081
4785 4784
27501 27497
12868 12333
7509 27819
3408 3407
6128 6055
4615 9742
11886 12946
3937 3936
27323 780
26869 27671
2049 2047
17477 9080
4560 4558
12620 12618
5062 1278
1832 19496
1481 1482
2341 2340
16979 20588
1253 9697
16038 9417
2256 16525
24732 87
6596 9664
17084 17083
1730 5340
73 1923
13771 13840
11837 11835
18767 1655
4824 29
11774 12947
15014 11955
20901 21212
9079 9080
41 3553
16863 17730
11612 11609
18971 6790
19349 963
19223 15147
1838 2227
9095 3318
19026 24109
13044 13043
19780 4569
17688 21640
11391 15703
26241 25203
444 19784
11774 12960
12121 14236
28078 6795
2591 2585
3566 8156
26906 26990
16127 16655
11442 11440
27518 27517
69 595
5177 8653
839 513
12198 2792
15600 15862
17002 17003
6354 5956
26978 18383
913 5831
5818 203
12223 12126
15924 15922
7627 7626
11586 14723
3748 14589
5670 5674
27870 16951
12108 12324
13627 12101
10700 22443
10389 2845
19081 25899
9412 6771
7505 6855
5843 6504
6586 6585
6795 8156
18710 3217
22857 26284
25472 25469
7095 6876
557 547
7471 9607
8500 14209
3519 12379
21468 20588
5053 26922
3647 16176
9308 4970
11061 11064
2090 6759
6460 6486
1491 8157
16953 16952
19826 27278
9743 9742
2546 2545
19894 3246
9849 12383
1475 420
18322 20841
7464 7244
13227 14708
2124 15095
2491 3777
13714 6690
2068 705
19595 8053
7509 16786
1978 1980
3455 15080
8546 10366
4955 16793
1458 16210
7803 17677
18631 7488
17345 7690
1266 5800
4743 6707
3950 1180
2797 972
3473 3470
2052 2050
12512 12376
16615 15923
14213 13584
12623 12621
2141 11369
17956 8194
23434 23433
19080 25902
12479 18699
1531 10807
17084 25648
7353 6837
213 211
13380 12721
6780 6975
2353 2513
15704 13383
27166 17066
556 550
12574 1482
2402 2405
21279 16891
12948 11980
911 2175
4236 23656
21600 17471
3088 3083
4917 5560
9197 25773
17249 27822
19594 18781
16846 17495
18534 18535
1060 1894
2639 6411
27498 27496
8963 9741
15671 5635
5388 22528
11646 13527
1624 3400
13091 13089
7465 8074
11613 13350
15458 22789
21151 21149
28071 28068
6981 6978
1031 3529
1069 8022
11714 11712
11531 20370
12293 12291
6787 15972
717 3598
26821 19296
73 823
13386 13387
6354 5998
1216 1215
13031 4528
1190 2017
11950 14288
3148 3147
9782 20518
7709 2405
28075 7663
13452 3538
13852 13308
15080 4241
11757 15586
1633 4923
4878 8476
17961 1330
956 2954
6897 6812
4220 333
194 187
26323 831
6181 4134
762 25490
6359 6355
16307 16304
4955 8551
3838 3836
5062 12326
28037 7384
12107 12006
311 304
5080 12868
8021 8022
3501 7304
19175 972
10192 1568
12108 15762
992 409
20552 20550
15863 15859
8208 17418
5423 3529
20006 2068
6007 8653
8567 16304
6886 15977
11830 14478
16857 16424
12591 12590
1411 6112
4770 2331
3594 6606
10781 1266
4659 285
8 2531
3867 16271
20756 22837
8329 3950
6183 5509
3467 3468
907 1775
490 11286
407 5101
15958 16109
17085 17082
14776 12985
12324 13306
20005 8272
2785 12452
1283 5674
15897 10208
11860 11859
17990 20837
6344 6487
554 546
455 19034
16152 7236
1253 10383
10878 18824
11816 12462
1531 28003
8464 7800
12108 11816
5053 21742
20519 9782
7162 6008
10385 1171
20635 21742
5053 20695
7140 8878
6013 6215
20635 20695
1718 660
904 901
3976 3974
27986 28066
7670 2398
3595 15128
21028 7794
1477 10104
28062 28061
27501 27499
7509 27821
3233 402
10703 3264
1527 6434
25149 15303
12635 11989
1216 5229
7232 8480
21278 22844
15939 16122
21780 21779
12000 14632
734 732
1718 5332
10047 14371
7289 8196
5907 6704
14940 5471
20457 17669
6223 6415
18160 4241
447 446
2484 1869
8569 7398
12283 22275
25717 17867
8174 9757
20382 16677
41 3555
356 412
9874 5115
11637 11668
2413 7937
5854 6935
16783 7415
1491 28078
10163 17003
1664 1662
12293 14453
6784 8037
4131 4130
564 563
8360 6887
4519 8184
6856 1497
6356 6055
733 2735
19487 6039
1527 18811
1321 5645
4134 385
5388 7549
21385 21384
16921 596
8553 17495
1089 14155
21276 24366
4759 8021
16820 16234
22184 25938
10061 10202
26945 24732
6180 6179
2591 2587
3566 8158
418 17784
6358 5956
27383 233
21969 21970
27972 16614
1506 1503
21226 21862
17345 17344
3246 24287
15988 16848
701 702
2941 2942
11155 11240
18708 5469
8761 8762
552 4743
1421 991
6771 27830
11531 385
11811 11810
23001 10116
5105 6806
21226 25137
11780 11679
10811 2661
17493 21537
1346 3742
16140 22207
7864 17003
25472 25471
26926 26839
11613 11687
6897 7122
557 549
13292 13402
27517 25028
20299 22424
11054 11171
11928 11927
2086 13287
16272 6003
25437 21693
12510 18735
21122 21121
4505 933
16872 8398
456 1261
7649 18138
1692 420
26714 6782
16953 9262
6956 6776
7969 7876
12723 5085
1496 15528
23364 23363
1760 1759
22569 22570
200 7320
21122 2933
9303 9300
3473 3472
3876 18909
10160 11846
25203 10141
6827 17225
12822 3118
17712 925
12367 1262
17976 446
9080 17485
20845 20452
17550 17307
16257 16567
7394 15996
15055 14962
4312 83
556 552
11603 11604
13 6689
13043 13037
7224 8122
5999 8563
16746 27991
3051 17082
13388 15701
12524 14135
1365 1364
6633 6634
11610 11765
20006 20003
7135 5340
27502 27496
3088 3085
2086 13892
11859 12469
17485 17484
17249 27824
6128 6354
3081 3082
19781 19777
12293 11125
8245 2818
3680 9268
342 340
22572 22571
16828 73
6784 16723
12687 11695
3246 19778
22241 22242
15600 1906
26795 24493
625 1796
16210 4346
20841 21110
4053 14330
12326 2792
1345 2122
12585 12586
1790 13089
20699 11312
21823 22833
7140 9080
4134 3594
16614 27969
6522 6523
16258 16256
7918 15992
4707 10811
27993 16836
16567 6956
956 2956
1389 14098
1364 41
7265 6981
3887 12469
9796 1328
7106 8385
16350 15966
16395 4634
11905 11901
21051 27578
6359 6357
10366 5995
17030 16112
8739 8119
4505 625
691 11144
3370 7641
7697 6732
7905 8896
22192 22191
314 311
17484 28067
880 18664
2845 5689
11047 98
15921 6003
13259 4528
11128 24115
15863 15861
5996 2639
12723 12132
6930 1985
3566 992
11652 11697
2881 2121
5053 20442
14212 15147
22275 2833
5055 5993
5901 2752
1238 14817
8688 9362
11341 11054
16986 16836
12696 13840
356 2011
7281 7288
27870 27867
6780 6777
20855 26080
3471 3468
7676 7854
3118 3875
20364 22544
12379 12857
1278 1276
20734 22528
7457 990
467 22645
1089 3740
6259 6260
14075 19356
8342 7799
17085 17084
21773 22570
15779 12204
211 209
16337 15915
1458 2267
73 504
3863 3857
21388 21187
554 548
3002 3003
1581 1583
4878 26466
8406 7676
26082 25175
547 545
27992 27991
7415 7008
8464 8031
1126 1124
16106 16103
9259 26466
12045 10486
839 838
11718 1726
831 26089
2013 18596
16469 12893
22292 27578
1421 1422
22184 21363
1329 16651
8 1849
149 1788
1563 1771
4134 19609
17040 17031
18286 6850
17089 17189
12004 12003
1863 464
8156 8157
1411 19551
9145 9425
11055 6606
4236 35
4734 19496
19780 13070
12173 15609
11652 11965
6960 8023
17606 21212
690 691
1425 911
26284 25938
25203 27592
16456 10163
14632 12002
3039 925
5053 17677
21357 21863
961 11744
4134 6790
27276 6980
1278 2820
6969 8193
2312 596
7702 7549
20289 21470
12383 8629
5996 6411
229 225
27374 27379
971 4474
5437 10325
1346 1153
706 19223
9810 12043
1060 23656
5789 5788
2413 7939
11525 11200
1661 1659
1389 3186
21057 0
7440 7441
1481 12574
26778 27240
23289 8280
18314 18013
2676 1115
20818 21568
16195 15999
7579 3291
1321 5647
11911 2460
6545 16509
20004 2066
11578 3748
5788 2274
5953 1587
21014 22153
7466 7965
3149 3146
12720 13108
7530 23936
12479 14702
2591 2589
1314 4826
23887 3782
21178 21177
7704 26977
20378 18909
8360 7131
13776 12336
16257 7320
3455 15876
1506 1505
3207 11610
20299 14829
7135 6000
2443 24460
20538 22695
12782 11828
14940 480
1527 17779
16308 16303
7017 17500
6795 8039
24787 2618
7633 16951
1767 7265
15939 8219
8953 5672
3455 13903
7794 22682
27993 27992
14332 3347
6947 6945
1529 913
1116 6665
557 551
17487 1493
2874 42
25493 25532
25354 10141
1436 3085
9207 17458
5563 5565
2355 19341
16793 4953
3458 480
8167 1851
16273 22859
11726 11687
27577 25202
1936 4081
95 89
15696 22289
23382 17636
1345 1627
12528 11557
27235 23223
4878 9259
27867 27866
22573 22570
16412 7863
21150 21077
4559 4554
19951 4952
11979 11988
4172 13419
676 1424
12279 12923
3762 10811
18161 18160
3903 2119
6003 15905
10700 20945
9303 9302
8876 8969
5674 6806
4743 6711
1278 3680
16221 6955
24767 3160
15702 15701
1700 6298
2956 2955
1505 3053
856 429
8569 9199
7146 7144
27136 27135
957 2955
8649 17301
5134 9686
20741 7794
26874 26869
2231 420
12108 11886
13031 13029
4528 13030
7017 16011
21729 22837
20490 21394
556 554
13043 13039
16350 6853
10240 1237
3051 17084
13388 15703
21829 20974
16746 27993
19459 21822
3085 3082
19341 2353
20006 20005
15528 1497
7095 8653
27502 27498
25394 27592
3088 3087
6857 7549
2027 12038
15779 12864
3078 3079
16021 25229
2119 8823
6128 6356
19781 19779
9021 9686
15915 8480
2959 354
7841 7840
1278 14781
3246 19780
3594 6234
18906 24130
20855 21276
3118 7702
11063 7144
5674 6014
68 12726
11842 466
1233 3374
6734 27871
27868 16951
20699 468
24805 4286
299 995
20427 20425
1389 15147
858 464
17453 5617
883 4429
6874 15958
629 348
27480 22625
21626 21624
7144 18707
6356 6354
5520 420
22155 22153
9550 8629
806 24194
4153 6295
8007 9892
311 308
1491 6806
9306 4970
27824 7509
17484 28069
15012 15872
17020 10407
12417 13367
12141 13728
11818 14472
15607 9750
6606 1109
3858 6764
11055 11480
13479 12117
6769 6765
2880 2881
16106 8158
21009 16979
26974 19208
1503 1504
4715 7095
7581 7582
28078 8156
705 706
27870 27869
11315 19405
20855 26082
2795 972
3471 3470
7357 15916
20841 11100
6798 1171
21021 20601
15703 15702
13306 15693
12516 13359
5076 21222
2578 3374
1475 3512
563 249
5184 3493
1198 23391
3246 3244
2874 5587
20017 18422
5938 4635
6676 2349
21773 22572
26286 26283
315 1086
11842 11809
6233 6209
3566 2404
19695 880
12720 12721
1936 56
3863 3859
9131 9129
8546 5995
554 550
9399 3696
7320 17094
4312 19146
16427 992
10141 23288
11707 12294
1278 12366
2070 1749
