28085 8960
6986 8294
7199 9341
15903 11316
12439 4457
27234 11052
16320 11375
1229 1254
21021 24936
6796 6857
2001 1999
22334 5360
20852 21680
6537 2661
3135 3133
23781 8903
24715 18866
12757 5153
18971 23924
16445 16860
7171 23888
12983 12555
21221 17992
11689 13162
3146 3147
12407 14610
11206 11207
11930 13224
6185 3828
2068 2066
3566 1491
20891 21914
22390 20315
21278 16432
12293 12229
4893 14
5202 5199
954 2954
10420 10419
14028 10577
25762 1628
18480 18479
3717 20504
21556 16827
14212 13552
14115 14114
5939 5842
6353 15281
9149 9145
16928 16926
1975 6547
26876 26875
8979 5701
1901 1902
7426 26985
18510 18708
4412 4413
13002 15146
1712 660
16641 16640
21909 21910
25204 10237
4819 307
8163 2819
346 344
4844 15303
8794 25024
1436 1435
17232 17229
3812 6754
646 4019
14075 728
5160 17754
12808 12809
14917 9153
17790 11077
3149 3148
16445 16297
3298 17500
20512 26832
2944 235
7646 8837
5134 6855
11329 18443
4029 7627
24591 25363
12946 14850
4893 15545
1944 3948
5585 17758
9520 13127
3507 3502
2355 12793
6411 6725
6019 10816
4744 1314
21849 22259
2428 2425
5179 5177
11842 12669
7690 7688
16470 2074
3502 3508
10157 10156
11578 11576
7366 6810
6041 9528
5730 5731
3591 2045
11622 11619
14210 1545
14977 10577
15513 15512
20728 20727
25175 22852
3653 1876
1041 2171
17382 24935
9021 6855
25066 25834
4337 293
16322 7693
21206 9856
8018 6857
17992 17990
9978 2398
1841 3954
12687 6880
17755 17754
3366 9632
20351 20861
21927 21926
26304 14193
8037 8038
6827 9511
8032 3493
16097 16098
15909 16801
3566 9693
2074 7804
7239 7240
7003 7000
6158 2707
17136 16140
5076 21398
13756 14385
6886 6829
7022 16812
14338 13343
6418 9464
11584 14723
20904 20902
12358 13851
7265 6596
696 2940
3629 5144
2680 12579
907 908
2009 4009
4652 5013
23430 8903
11814 13909
7986 1633
7300 25020
6932 9806
456 5587
19080 25077
16510 16509
1633 24848
20442 20440
27234 490
16465 1985
11042 11299
4614 4613
17876 3360
2353 5660
11814 11815
12559 11932
26790 11066
11472 24358
16091 202
19378 19442
10577 12367
4082 6149
20695 22202
8562 6007
13187 2577
16058 16469
2090 9343
1228 2639
17700 21456
5818 2103
19026 19377
20447 20531
1767 6596
4425 10810
21849 21709
13468 12022
10192 11105
13728 13144
7551 16886
6940 8596
4746 4745
11619 11552
12076 12471
3069 3076
8965 5471
16598 15938
3274 11358
20369 20998
2735 6879
11860 12294
20490 22685
6728 203
10203 23429
11055 489
26605 7219
7482 3294
456 7239
18207 5701
4857 4855
984 979
1364 3415
17384 14524
21364 5169
4224 12001
10417 10418
6876 5591
22312 21079
17229 16986
6889 4069
299 997
6791 8341
16601 16599
2018 798
25194 25159
11652 12506
14124 14123
293 2350
6927 6926
24374 24373
7456 7455
16638 16639
2767 2993
2256 2023
25048 10997
21858 21380
8870 8872
18856 12889
5281 5280
19024 18889
5860 5859
5085 13447
3927 12895
314 315
21536 23022
21012 2111
17331 1182
17692 7540
6754 9226
20291 3748
14272 12802
4819 4818
22435 21512
16546 7264
11045 7088
9849 16632
11341 7904
25261 25347
21206 7696
21933 25997
11679 14315
18717 18715
12150 11685
6824 16502
5279 2709
7867 23897
16298 15914
23013 21610
8288 17245
6418 8351
3264 1947
2294 23323
13762 13760
5818 11244
2019 1921
12442 8945
13289 1233
11457 21153
21006 21005
2684 12110
1913 1912
9368 9367
1632 1633
12765 11971
693 18912
6103 6101
25414 23323
19080 25132
3298 6038
7867 17723
12203 12204
17235 17234
5134 991
25864 20755
6303 8791
25543 25544
4634 1119
6311 8386
7905 18365
10036 9129
1389 13552
7123 26731
6055 3707
5115 18132
308 4818
16212 16210
26668 9596
507 5701
3566 2648
4589 19254
185 1449
20311 22267
1246 2068
13448 14192
16479 14524
27129 26923
7427 9816
5509 1174
5173 1225
7284 6798
582 4010
2176 11545
17331 1908
13091 3459
11476 24131
14315 25010
460 1546
12020 11951
21146 4759
4611 4612
19459 21650
20508 21212
44 5768
2673 2902
6632 3058
7547 16189
12142 14277
9094 21397
16057 9933
5202 5201
6853 6854
9153 9145
17786 21039
11903 11901
394 21234
1493 7556
18260 11015
24716 2487
20565 22806
11989 13109
571 572
3170 11827
6930 6929
1795 431
11951 11541
9875 22204
25000 24998
2819 1168
706 15147
11890 12204
22898 27731
3308 2729
3566 1038
20299 21357
8035 10341
981 978
1709 4420
6594 11652
4700 7568
1283 1279
24021 24017
12365 2792
8553 6776
10313 7625
23662 17668
11054 11043
5388 17475
8272 2067
455 7994
8519 9343
8035 21079
18708 13985
15972 15971
7500 9135
1493 17489
67 1173
17484 8878
2680 12097
2241 4816
13452 8163
5085 3595
13090 14163
22149 6981
2428 2427
16471 16328
16988 27141
25226 18763
7857 5881
2487 4993
11757 11809
7366 6812
17445 6856
5282 5277
11061 11059
7867 18354
12043 13600
21311 26005
7397 5078
1123 9153
8487 8384
21877 21168
3812 9226
16986 17245
7416 16324
27040 27361
12659 12906
3745 2756
17755 8307
5493 2090
7819 7817
15884 24852
7003 7002
7863 7860
8066 3493
12506 13078
1173 1174
22292 3717
5924 5925
375 376
1252 7819
11101 756
8827 18345
9959 17447
1869 2045
67 5858
21386 19601
11798 11715
11422 27680
7110 23693
27017 27205
7320 7702
22641 25189
12727 7196
24261 21076
10079 3404
9027 3773
12400 12399
9816 1947
9937 24639
6806 7373
12479 385
12411 5620
7986 3742
5773 5769
2639 18299
11125 14453
7713 1109
12296 12463
5388 9570
24291 21076
7187 7186
7539 17925
3429 6791
2240 244
6632 1945
7886 10341
6747 4635
3538 281
18916 781
2020 1409
3363 5124
8158 3566
1715 1712
16602 15938
6765 6796
20472 20711
26661 9624
2819 4135
21228 20465
4375 11341
992 7625
3831 3549
4820 4817
1253 1250
229 1452
14103 11609
7971 10398
4843 10399
20472 22818
1586 901
3246 6013
5178 1529
23312 18149
27682 17647
11517 3676
984 981
5901 3321
2484 1233
6489 6460
10203 23781
24864 23997
20289 20603
7166 9597
20601 21858
7386 7385
3217 3218
1389 14212
11838 11840
21206 21214
18284 409
18654 24529
20695 22459
2856 11843
19459 21021
4709 2074
4351 4352
696 9037
3125 13199
21581 22259
24378 24373
16321 16318
16642 16639
455 15512
4762 6286
1938 11394
11658 2460
259 3034
25194 25161
5436 80
7787 7786
6680 9680
24374 24375
1465 3482
2008 11345
5091 1479
11149 489
4743 6394
1321 8163
4715 17703
11824 11689
21278 19080
2684 1950
21120 21123
21778 2141
78 1767
11798 11636
7364 8218
12579 12201
7510 10258
20603 20604
7833 6747
7456 6760
7337 7334
16058 17089
17245 16127
25451 25473
5283 2709
992 4029
4920 6858
2208 7969
6798 16330
7585 7584
25864 21441
1809 1807
6127 11695
6719 990
10497 13408
6429 5092
12893 6776
3982 7706
2549 570
24765 24852
4970 9015
1529 6112
21249 21250
9488 2749
6824 7055
484 482
8245 7980
7123 7122
13012 13759
25159 25193
16604 16602
12855 19208
1633 19415
17785 22241
13525 13526
5867 3002
7510 5023
2478 13993
1069 3508
11055 1109
1742 3493
20299 7680
3298 6040
5863 5862
18521 23221
14610 12408
17490 17489
2792 11537
15147 13552
3566 8945
684 1014
12275 13213
21581 21709
1236 1527
4820 308
13728 12141
2787 1744
1790 14881
1730 3230
12579 12577
1481 1479
5680 14385
26777 27261
1761 1762
2356 10273
14104 11610
7206 10408
25125 23693
1276 14781
7427 5388
13703 11680
21536 21535
7366 7364
24863 24861
20414 20411
25076 23693
2045 1642
1090 3930
20649 20988
646 4936
7428 7424
978 979
1269 7544
221 219
12409 12408
1031 1485
21278 25067
6979 6810
1870 5438
2478 1416
1624 6725
2515 6896
18591 18809
19174 18635
27379 27342
2356 1655
14122 14121
1624 5907
20710 20301
18322 13696
9149 21042
1817 25735
25551 17398
7767 10394
25194 24974
10969 6666
684 27162
20565 22808
6253 1054
8035 7886
552 6711
20508 21456
21858 21195
9875 22206
1086 4817
7166 16189
12765 12470
20490 20540
11315 1947
1947 19405
3076 8
4201 4584
10816 6666
7146 7579
8713 6838
2068 10246
3534 4269
6554 21933
9419 6771
981 980
4163 17245
7059 7058
12678 13871
24078 24553
24021 24019
14259 14260
2698 6370
728 5903
2244 3948
20615 20777
25451 25407
5340 8132
12944 12943
35 5158
2768 4335
478 480
5953 4279
17497 20604
5290 1491
20289 21142
20779 20777
27017 12
5282 5279
11599 11639
18847 24251
6344 6537
17911 18150
23568 11632
8341 9315
1276 12366
7697 15666
11183 11172
8192 8963
24674 19312
20276 20277
11747 12907
10069 16032
3689 3644
6395 5391
24115 24165
7863 7862
24799 24797
7065 7064
17873 17871
18658 2111
9295 9296
7986 9100
19826 19825
67 5860
2593 1849
16188 17509
20489 27228
3468 3473
10968 10967
17331 17938
6308 4762
5002 111
992 25802
992 8540
1771 4077
5200 5199
14006 2792
11550 12002
5704 23428
1527 2404
17106 15460
5773 5771
2165 2166
12949 12616
13416 16926
9147 9145
1031 5391
11051 11207
13456 16998
1999 1581
10844 10914
1973 6547
23842 26584
12201 12578
5322 10157
21058 19521
4707 6363
26806 11172
16921 11371
913 5520
2002 2000
22395 20947
3769 17828
10163 10408
1715 1714
4743 4744
12014 41
3263 7110
8653 4715
8360 16736
1621 5462
3203 9725
24992 22185
23913 23912
961 959
14460 13942
4224 15146
1770 1771
22156 19510
4820 4819
12727 18299
22379 17044
3493 3492
14977 12367
4635 5039
6004 6003
8603 8398
20796 25132
7268 6981
7954 7952
11101 87
15954 7101
13306 5524
1759 3948
2355 19026
1790 13097
6501 4715
7268 22149
37 587
11405 13946
3279 3280
3203 6705
1982 206
1436 676
6883 7934
608 524
7446 23360
24378 24375
26503 26665
16321 16320
25003 9380
11835 12712
16642 16641
14192 4462
25001 24997
11637 13141
19081 25133
6000 9694
2330 1010
25366 25125
13866 3888
8363 16471
5134 9021
63 64
1527 4069
26304 22641
20725 20367
3595 12426
11814 4264
24861 9044
21711 23027
654 653
1182 1038
16729 7497
6789 3559
22058 9781
8220 19172
11780 11971
1453 225
2067 4585
798 19249
203 5039
456 35
12379 2356
15128 15127
20291 20906
6344 10914
11934 12559
11827 11679
1633 4249
24765 24854
25348 22960
15470 19442
6105 8124
11592 3181
10160 12943
9456 9592
4375 6592
7983 7982
13012 13761
2406 14200
6827 8294
357 4809
1527 2
6045 6043
25001 21051
7078 6829
24853 14242
5624 1031
21928 21927
16058 16057
18426 24639
15353 17702
4278 4336
6960 6958
5938 6038
7373 5141
10202 23274
17479 3598
2895 11250
7334 8596
12222 12221
2691 8976
24473 14078
2226 2497
5648 5646
17924 952
8963 5471
21581 21711
7113 8075
24581 24642
11316 7396
4217 4218
1624 1345
18745 11452
7257 7073
25639 17150
11537 12239
257 1851
8551 9849
5524 13874
21209 21206
15884 11164
1760 4279
455 10884
17889 13574
22396 22395
20414 20413
8963 16330
26122 19081
11774 12946
22310 21079
11250 639
5062 12365
6960 10475
20734 22202
11405 9558
5698 7587
21819 22949
22435 20966
20451 22816
27263 11183
7166 7547
5160 7948
2334 17854
22182 22183
221 4772
8051 14356
11623 11622
12270 5017
11526 20586
16803 21246
21146 22267
5531 132
21598 21610
19024 24183
12983 11756
2835 995
1038 9087
10675 6571
6402 5996
16193 16190
7166 16191
1215 5229
4375 3948
406 135
16544 7264
15303 11144
20978 22925
7574 4352
7627 7625
2639 2638
14888 25131
7110 7106
9632 1633
5277 2709
9499 9920
3563 6140
9235 16226
5322 22602
10880 6279
6956 7807
5843 6503
20615 20779
4844 16827
16322 16317
5999 7016
21435 22504
17755 7948
13439 15139
18480 19198
11171 11043
21004 21005
11061 11171
21523 21570
6874 16032
9424 8406
7206 10089
6597 6598
26688 10914
1936 3955
19966 26907
11780 9811
5726 21537
1630 1633
11147 23373
2474 14332
5282 5281
970 540
20396 22704
16803 11005
5432 1024
16230 9157
456 1258
834 652
8163 3538
314 4817
8192 8965
10914 6290
5773 41
20539 502
5996 8192
20276 20279
6995 5947
11814 11916
24568 14165
22429 8035
26666 9596
11258 8436
13866 15044
25407 25473
2515 10899
17924 17919
3742 2691
25360 25361
10225 2402
1073 8
269 11059
5880 490
6958 8660
1321 7657
6579 5860
6226 10697
11816 11817
952 17919
11592 12109
6926 7136
20994 25231
859 429
16204 6902
1365 7885
6127 15269
229 1430
20967 22775
9805 25736
7296 16101
2049 3040
20224 20223
24765 11164
6986 8476
6050 6805
3758 2648
8336 2553
13416 16928
281 5124
11187 3671
13079 13078
4308 1479
6013 6630
19208 12557
6290 4952
1041 2553
20577 25077
12523 13799
26035 4844
6432 6698
5322 481
6787 15971
12808 11689
21175 5411
20314 22344
1152 12570
2578 11853
2640 2639
67 6346
12961 10884
3742 7497
4844 25150
1531 5921
7899 7897
18141 3246
23799 17598
24019 24017
20411 20412
21278 22212
27041 27232
5204 5198
2406 5074
17031 3344
23895 23429
456 1058
1491 17526
18730 3762
12076 11780
8503 16800
18716 24243
5091 7657
7911 1841
16546 10398
159 14579
2818 3742
4266 13401
20566 22807
15972 21386
9150 9148
10005 1031
5280 5277
9027 16396
23750 13023
6857 6981
135 4278
522 523
314 308
26880 26883
24378 24377
26662 26660
25001 24999
3629 3553
3203 4842
7366 6979
5938 8818
2020 2018
13774 2086
3865 4439
10423 10417
8553 6956
20796 19081
5085 13453
24799 19014
11817 12148
2618 24460
7059 26605
1215 1217
22292 24997
6177 6188
8220 19174
12088 12089
18163 18162
990 991
1372 1056
1111 11080
21914 21523
6040 6038
23990 24860
6344 6486
21139 5433
149 13557
16050 16047
2578 13289
25805 22154
4878 6986
11650 11755
14888 10165
12380 14718
16903 16902
24403 24396
24018 382
17220 22207
1920 1921
5710 7452
5999 5340
18708 18958
7093 8122
259 260
7916 21930
16388 18149
1365 3739
5938 6040
7864 7861
3595 15127
2838 14919
11250 11124
1713 1712
5388 5078
4224 4223
13761 9168
16453 16450
16128 8288
7427 8762
7466 9922
566 19456
8963 5473
4439 7531
6762 9311
13766 12666
25348 25311
12969 7663
1628 1237
16600 8219
4236 3644
456 6937
2443 2618
1732 3280
27263 11172
5236 8979
24571 24572
5176 1529
1731 10225
20577 25132
2522 2618
1020 41
9617 7552
1253 8880
4864 18906
27252 20849
24862 23997
8787 8788
6619 6616
4405 3345
5275 13256
12099 2680
10205 11859
8209 10208
11774 12948
570 1912
6344 2661
10160 14368
8336 7051
41 5769
16432 23924
12893 8553
11637 11667
3345 16776
27125 23373
3832 3833
18214 2611
25453 21819
16640 16639
3262 684
5906 6720
1716 1713
20652 11144
4353 11762
2006 11345
6887 15977
5854 6008
1957 1546
3695 10486
9911 9853
9646 6926
12367 14872
4821 4818
1023 13921
4819 315
16193 16192
20379 8928
15912 15913
15953 15951
11397 27361
1411 1844
17577 10267
4353 7574
4220 5998
3843 1056
21311 22844
18759 18760
17603 21021
4434 1268
11393 13740
13359 12516
18510 18958
20734 22459
16603 16598
16322 16319
1154 6015
7016 3430
4337 288
3903 10384
5025 2611
20267 8434
1527 17079
24276 24626
6930 8695
27746 27745
8158 5290
9811 11971
26668 26664
1228 3318
13 17
20510 325
29 6377
3742 1633
456 1260
16644 5995
3726 21021
12893 6956
22481 23732
22809 20565
1010 1001
1760 6417
13107 11611
7016 6008
3895 1767
23750 11468
481 3360
25360 25363
17924 17921
1694 15404
17643 17642
17235 16127
2356 5660
696 9822
24625 24621
2021 1920
9314 9313
2103 4433
12109 3181
23896 23428
6980 7374
17384 7740
9080 17484
11979 14442
307 1086
25077 25132
9314 4065
4221 5966
1869 1233
21278 25931
6982 7420
5540 11539
22602 10156
11934 11932
25366 23693
2474 12603
7670 10157
3321 690
21311 1878
4403 4401
1253 7767
15988 16297
16889 13480
10967 6666
18884 19373
23912 2067
7528 7485
6979 6977
466 14742
13468 12367
23326 23325
23781 5704
3982 3940
4844 5433
22809 22806
22212 20601
1655 7144
433 686
9782 9781
23662 23661
1529 1528
16298 6902
22116 22704
20442 21858
2276 1462
13146 13147
2011 11515
15989 6039
17988 7170
10203 23895
14123 1465
960 4121
4353 4354
24799 24130
6982 6857
4778 73
895 464
456 1060
11685 12126
12399 2838
5730 3674
17990 21630
7123 6981
20994 22347
7455 7454
12198 14633
5290 6785
17692 9629
26884 26883
20566 22809
12043 466
16930 16927
6132 6542
13955 12969
1901 5698
5280 5279
26669 26665
26871 233
20540 20541
3343 17040
8434 8421
7973 7043
16195 16185
27162 21121
20728 21006
3493 2691
6986 26466
23042 22185
11476 24797
22558 15427
20517 20715
3793 2350
10423 10419
8713 9125
4387 10673
7334 8345
1795 1794
6098 6678
7527 16324
7104 7102
8153 23431
8174 9490
22292 24999
137 138
6554 16757
5205 15442
16273 7635
3277 14191
8272 4585
16479 7740
2384 5986
8163 10011
1453 229
19266 1747
4635 16494
833 3224
17970 17971
23990 24862
14661 18863
10793 11426
19359 19358
10163 6829
24372 24375
21435 22695
21246 17575
6776 16698
17235 17229
2232 6238
20971 21019
13875 13874
8486 8543
20855 16643
537 7898
7397 7596
17618 21087
2993 16889
4615 6470
16509 16226
5907 9725
1624 6705
3346 17421
1527 15403
12043 11809
6785 9176
1563 1770
7854 16035
3429 8007
8517 3318
3976 3975
19437 10394
1321 5620
7864 7863
7054 6331
12703 16928
7361 9457
17631 6854
17874 17872
16453 16452
6801 2889
8837 26570
8948 6924
16604 8219
14078 14741
2578 1869
18717 24684
27263 27268
10969 10968
6841 6839
1936 5556
7170 5617
4576 2519
22765 22818
11989 19399
12345 7663
1253 1069
5951 6223
25204 8945
21201 21026
20225 20222
203 16494
9367 9365
16698 8877
11212 16445
2792 1168
1069 9475
41 5771
20687 20926
4700 7550
16388 4635
259 5176
22166 22058
3041 3040
6929 6928
26877 11232
16921 16920
23781 10202
14888 25001
5142 7373
7877 9363
346 341
13675 11452
21441 20755
27745 27671
1716 1715
8551 16632
3838 18000
2355 11501
8307 5160
6414 9380
27356 27337
12329 7587
26662 3965
5647 1479
1486 10005
23828 1215
2384 6725
5248 5153
10115 10116
4821 4820
3742 3366
2141 23936
13915 13891
6021 10967
573 21005
7670 22602
135 4335
7448 26461
3629 456
5091 5620
7283 2716
507 18207
7448 7213
16513 7918
7123 3895
12164 12717
2231 5520
17564 24330
2103 2073
2421 2419
1841 1844
2487 19217
1409 1921
11061 11054
13452 21340
20864 16384
20634 5076
8288 16127
24096 18426
16603 16600
21386 15971
17382 24932
21212 27189
23224 1198
20530 26832
16322 16321
585 1925
2716 2717
8536 6780
3344 16515
10486 4528
1630 9100
4510 3601
11128 24411
21646 21644
3183 1550
11988 11979
11592 11979
7800 7799
23913 2066
3265 20019
26668 26666
13097 14066
6127 5340
13542 11713
7002 7001
11698 1788
12747 13953
14078 18863
4347 2267
1453 1452
1152 2278
7107 7054
22949 18763
5344 5345
5039 16494
8560 7150
9596 26664
20438 9994
2009 4006
7986 1630
12975 11723
11307 26870
7198 9922
12163 14962
21462 26909
11147 25834
1696 5882
17924 17923
5285 2563
24862 24859
20512 11232
18925 18905
24625 24623
957 2954
11875 14387
4308 7657
6840 7073
1346 5624
4375 10047
14315 17597
2797 18479
1944 1759
17167 15971
2271 1925
31 3260
3828 5340
11498 2103
1715 660
20332 20403
8184 702
1210 3871
6308 6286
27663 27041
16450 16451
26953 27110
1925 23222
1619 2470
16828 25149
17497 20289
7415 1251
1030 1028
12399 12397
1790 13090
6951 7388
6132 6302
7213 7802
16863 16862
12983 12044
16951 8344
23360 8106
7551 7568
3170 3259
11423 11219
24935 24932
1658 1657
11905 11902
23496 7068
27165 27164
6784 7288
8222 8123
19437 4759
9380 44
26884 26885
5321 8840
343 340
4878 8011
6810 9906
16930 16929
21209 9856
26669 26667
14315 12496
16058 9500
6791 8351
23225 10109
159 6302
17381 21645
7576 7574
11612 12380
12797 12540
7415 10366
16986 16127
20895 20892
11476 24799
3977 3974
1790 1789
21536 21154
20540 20435
2691 4405
2294 25414
7575 4353
12822 16690
3070 8
9668 7105
10423 10421
2792 14781
17922 17919
5156 3538
7158 8387
4236 1057
2895 14384
3203 5906
6224 10697
976 4322
11815 12456
8837 2639
24853 24852
4134 6415
16600 16599
20488 20487
2379 22088
1851 240
20382 24935
10844 6290
12394 8349
7718 702
3264 22481
1632 1630
23990 24864
17204 12283
1624 3203
24372 24377
2255 2023
26839 26845
9309 4970
17235 17231
20222 20223
2167 1910
17381 24933
1938 3255
2355 18590
20601 21195
10837 10838
7426 22528
15805 22528
2404 3664
9875 21946
2818 6687
2001 1998
1215 15813
20489 20873
14193 25189
14123 3482
4412 5554
23225 1854
10385 10384
7446 8106
20715 9781
455 6676
3264 17475
2895 639
25273 25020
12020 13224
21732 20422
5939 9800
7284 8192
20967 21787
18612 15359
3263 6929
21091 11465
10157 7672
6787 21386
16724 409
435 1449
3769 3768
20540 20932
7140 7137
17031 17040
5202 5198
1253 5730
1069 2940
16920 21639
17941 2443
3035 5880
4172 13728
16211 7364
961 11745
14125 14121
20225 20224
14115 14113
3566 9424
8122 7355
16544 10398
9875 9248
3345 17598
23750 2102
11411 11143
11896 11895
7123 6796
953 9265
3294 7918
8631 8629
18228 2779
12293 12470
1129 338
4700 4519
163 222
17526 16736
3566 5115
14888 25003
2716 8880
7043 7971
3000 8
12808 12098
2684 11786
19184 18099
149 11843
4566 1028
856 859
22806 22807
11476 19014
13887 12276
1364 10125
9463 7102
4635 4282
2245 7430
3566 5236
6422 2561
1359 23781
3149 3147
11877 11895
8166 5388
23828 1217
11061 11043
404 405
4029 7626
23326 12081
6344 6290
20505 20412
21209 7696
2011 3183
22602 22603
2023 2254
16188 18067
7764 9959
17874 3203
135 4337
5415 4743
7216 16543
6959 18836
1197 17838
4045 7691
20640 9875
11371 11097
23274 5101
27300 21233
22395 5169
7689 7691
21914 21569
14041 11120
11902 11901
11172 27331
18422 18849
17382 24934
22490 21392
3295 16396
11833 4338
17526 8360
9 10
3345 5142
18422 20017
16384 16383
407 8421
7764 4953
2778 2779
16321 11375
2021 2019
17988 5617
5531 11239
1496 3854
23913 2068
21620 21630
3742 9100
2856 2820
1261 3499
6806 5142
7862 7861
2460 12390
13840 6390
7955 1380
23953 1359
10914 6525
12345 12605
19389 17079
4878 9260
5769 5755
2680 12578
6018 6725
1744 6706
9937 13898
8936 17467
31 684
16598 8219
153 152
20442 20439
2953 2766
6547 4221
1436 66
2691 16729
6038 3297
2445 2444
42 11517
3404 5267
20701 3522
12029 10884
5920 5412
1283 6324
27401 11340
3245 18456
22898 24266
1228 2638
7482 7481
7303 7250
2793 2790
5062 3553
1529 1519
20372 20356
8335 8336
1998 1997
31 3262
3069 3075
11232 26832
3653 18816
340 341
15805 14315
25801 25207
18991 18456
9655 17702
15080 12864
2515 4852
1947 7549
1529 1411
25150 15303
8166 20019
5062 2856
17331 3370
11415 11088
9816 17475
4817 315
11502 11501
7935 7934
652 734
5953 5952
13693 19026
5199 5197
4936 2114
19558 25454
7581 16188
21935 21091
5234 2939
4163 16127
456 5144
3343 17031
19081 20577
1180 8329
16601 16598
2096 19147
2604 4799
14124 14122
18354 23897
3566 7627
10202 10061
24396 24131
11905 11904
20538 17382
23496 7070
4134 11531
19356 1655
20975 9506
5906 4806
24716 24715
343 342
14041 27040
26666 26664
2792 12326
23325 12557
1073 3076
12222 11961
2355 19384
2639 12727
6932 8558
4955 9135
3726 24918
6643 6240
6980 11258
6887 6829
12399 12762
16194 16193
12163 5086
8341 7150
5674 3345
20895 20894
13557 13987
7456 5710
3977 3976
8192 6798
6459 6015
2267 4345
16130 25189
4021 16033
3665 3566
12099 12096
4652 16839
1944 6580
17922 17921
17641 17642
11373 11174
17233 16127
1175 67
16604 16599
259 1529
2021 798
17889 18912
6554 18976
23171 23888
24623 24621
2019 1920
10662 18932
17235 9528
24614 18422
2895 11124
3246 3245
15052 8953
8602 8601
6620 6619
13908 11719
9649 17458
17708 17709
11125 14384
5388 18132
11780 14315
27263 26909
2255 2254
12998 12666
11642 11641
9309 4972
15307 8132
17235 17233
597 598
9810 13067
2553 7051
9937 14074
26864 11335
149 11698
328 329
5854 6914
11316 19405
308 4817
12031 12217
23430 23428
1246 2067
21882 14356
16805 9260
24115 24470
16828 25193
12417 1262
4337 4335
552 5298
24797 24275
11476 24130
5025 18214
2023 833
24859 24860
18407 15077
1217 4870
12142 14276
21030 21027
1485 5624
6554 25997
8032 25736
17265 3623
5202 5200
5854 3894
6223 2448
20517 9781
14125 14123
21201 21030
9813 7204
370 3843
7649 17754
12076 11828
6678 6677
4487 10937
16928 16927
16388 6854
18629 26803
2604 11149
14075 13898
20396 22215
12678 3238
9491 9489
5680 9268
9811 10662
16827 15303
16547 202
12002 12000
4819 308
21182 21811
7071 23496
346 345
13955 13954
15989 11696
9592 6804
11969 14977
26820 233
17189 17089
4566 1030
11890 12203
24683 24243
1314 6105
12439 14633
22260 9952
4709 26864
27663 27232
16467 22207
1261 1260
9129 9150
10421 10419
16030 7388
2838 13315
24021 24016
22239 3598
16445 17466
1152 3195
7905 781
13903 1726
1365 41
5415 4745
1493 17488
7147 7289
1321 4135
1278 1321
15988 15914
2428 2426
4134 10660
3406 16108
20711 22818
20947 17204
18769 15805
6879 17273
11545 11629
4434 5933
21536 10365
5282 5276
8384 7023
5565 5564
1527 2146
9511 26426
9499 26372
17233 17229
26035 19510
3717 22507
4266 12657
7342 6804
12376 13893
456 8837
12417 2819
1069 9037
16465 7450
7526 7527
8397 16424
1947 6007
4772 4773
20894 20966
8066 3721
26669 9596
652 2225
20892 20893
4743 8916
3974 3975
1982 18244
5773 5755
11774 14848
11531 10660
1796 1795
3962 5843
8363 2668
16602 8219
2680 12809
15937 15938
18715 24684
7697 4241
22844 26005
14276 14277
4474 1938
21555 16110
13759 13758
16903 15916
20442 20441
11147 25838
8166 8102
12400 12398
16058 9933
2068 7707
9258 10286
24793 11258
11076 27126
4134 1237
17428 22153
12220 14682
6607 20489
11602 11600
23828 4870
2312 2856
5388 9569
10675 6258
25125 24913
2384 9791
14113 13818
6013 209
24853 11164
6871 8605
15805 26089
3034 5177
24917 24920
1496 728
24864 9044
3553 3527
7680 20300
25076 24913
1228 2640
1269 1180
2002 1997
15966 9418
11612 14102
344 341
11717 3723
2353 11501
4743 8124
19145 23584
10157 9018
24798 24797
4821 315
5860 1175
8036 10341
18433 4810
13689 15755
2355 19131
26466 8566
18422 15268
12345 3413
18566 18925
6019 10967
11782 11786
13766 11922
26374 9916
17040 3344
8158 9176
4156 6169
10969 6021
1321 12579
21556 21555
7059 7218
9395 22560
27293 4709
5432 24389
12528 14272
11838 11839
3345 16729
18654 24528
27035 18414
16328 10170
18149 23309
4744 15357
17702 2618
4820 1086
16101 16543
9411 16502
3742 6687
12527 11539
16642 16638
16601 16600
12014 3555
8865 8866
8288 9528
9411 6824
26920 11085
3439 6770
11258 21076
1465 1616
7000 7001
27054 24267
12029 8121
7300 19573
7586 2668
13227 14636
24638 14338
6486 4952
20711 22765
1269 7046
4519 8728
22808 20563
11388 20489
12164 14065
6279 10745
2119 10370
16220 6920
12099 12098
2695 2838
9916 6945
456 3644
13728 12006
6418 8352
13012 13758
7129 17489
16604 16601
6886 6885
20495 20494
17785 22240
24574 27656
1921 798
8731 5105
2474 12530
5062 5462
20728 4931
2675 3889
16319 7693
1742 3721
3246 6630
1931 1930
279 3058
6103 6102
41 3415
19080 25133
806 3218
17490 17488
3843 1372
2002 1581
21244 16983
7906 124
5134 992
3707 3699
1713 660
481 159
2027 13359
19075 3740
4820 307
17167 21386
2849 2850
5388 9624
14774 3591
1069 10394
13975 12017
16212 16211
12043 12044
14104 11609
409 17639
6800 1317
13766 12782
5179 1529
20855 20382
686 685
6810 7374
21307 19459
24863 24860
2090 7534
11257 11256
2146 15279
1346 10005
5062 2792
16827 16110
2944 4413
2818 7980
17873 3360
22768 3726
6331 6329
6792 7441
9584 7491
11814 4879
15998 15999
4419 7789
12409 12407
21858 8349
24918 24917
2548 922
6775 8440
27108 27107
5388 2403
21927 20493
16643 16639
7672 10156
18889 3189
4635 1119
3962 6503
4375 1717
24933 24932
25115 24909
11903 11902
27163 27164
51 1059
9261 7632
5078 7997
5092 1479
961 14314
23952 5704
16411 16410
10246 19223
1628 3702
27085 11416
5328 6307
2145 10573
2355 2984
3585 9791
72 71
22282 20438
10551 6209
3340 2561
20601 17603
1221 3957
13993 1416
20855 22852
3681 2036
6141 6302
5248 5267
1411 1839
5284 2709
8713 6837
22239 17479
6554 21932
4813 15138
11585 14723
10979 10978
16986 9528
1301 395
981 979
3699 5998
26462 7064
4311 4310
3653 19128
12808 13162
463 464
1182 1908
2522 6372
16850 16470
20442 22282
18163 1058
21700 21752
14921 12365
19081 25077
478 15755
1493 17490
67 1174
6887 6886
24276 24621
14087 14088
6759 3439
18658 12822
12426 12427
16643 13632
2691 7497
2068 8272
17497 20603
27741 27396
5969 6208
19144 27698
5282 5278
19175 18417
1658 911
14078 18856
15128 8992
17233 17231
1475 1692
13728 14276
684 21121
27275 26778
4404 8163
5388 5115
6538 6486
4652 7447
24674 19311
7986 12469
11747 12906
6797 8174
10408 6829
16212 12870
1276 1869
12659 12907
2443 17702
2953 2757
2086 4892
2223 925
5674 6798
12506 13079
913 2231
6728 2274
22116 22215
11774 14850
5062 2484
20519 20798
4519 6931
3058 2140
456 2665
24854 24853
11498 21223
992 25801
11592 14442
992 8539
26694 9668
23990 23997
6857 7420
9380 22292
5200 5198
24330 24331
6538 10821
7424 8699
4513 67
4528 14190
11584 11585
21311 22289
14075 7994
1527 2403
5322 1633
7538 3324
2548 3889
9208 9649
524 153
6004 1438
5388 9571
4224 13146
8004 9624
6796 7265
20279 20277
25066 16643
8036 7886
12201 12577
25024 12445
15980 20430
20493 21926
9395 20442
20601 19510
2002 1999
3591 11405
11612 14104
3455 12527
4220 3699
15027 281
696 2717
24716 18866
1216 5641
15988 9071
18149 6854
6800 2553
7574 6377
4745 5920
11787 11782
10347 10349
6800 8151
4842 4806
3207 11765
4054 4053
4172 13908
6190 15281
26651 3366
2445 19026
27252 25463
5950 518
955 2954
20578 11137
24021 382
23185 3264
6784 7281
3745 1618
465 11613
11860 11600
9150 9145
17044 9588
9664 7151
3203 6704
8872 8871
5288 5623
10873 4221
17447 7763
2404 5267
14 13
18207 5236
21357 20300
16642 16640
23428 10202
3507 9037
2797 19198
16092 7276
5873 6434
4301 21555
19081 25132
7550 7551
7065 7802
2256 2255
7166 7854
12555 11724
11180 27682
2735 17273
24997 24998
552 2698
27237 27238
25864 20382
27687 27740
27683 17647
3768 2517
4323 17557
4378 4661
985 981
288 3793
16664 5115
5390 9296
6092 6599
16999 5105
18991 5065
22949 25227
468 16677
11896 13606
7953 1380
4021 15916
21226 21227
1359 10203
6896 4852
10325 2564
11780 11970
12141 13144
23997 24860
6759 6769
3294 4970
2208 7970
6719 991
2429 2425
3702 1237
2244 6580
16220 6922
20440 20439
7691 7688
17919 17920
24765 24853
7740 16440
14610 14611
22396 3709
7454 7452
7432 3263
484 483
15514 15512
10237 25203
25834 22852
1767 4413
2674 2902
13012 13760
7983 7981
16604 16603
5279 5277
11877 13606
17785 22242
4787 2105
1591 15972
11053 98
1278 2680
11637 11638
3129 4879
6948 6947
21888 2111
18775 11317
21928 21926
5880 11280
610 1174
5726 20905
14337 24638
8531 1491
15387 10115
3069 3000
26651 4923
6747 7832
5236 5701
5648 5645
7427 6544
9937 14078
684 1015
20764 17479
1365 1642
1269 7303
12409 14611
7361 7358
420 5520
12579 12578
1531 1530
1628 2402
11221 10662
17938 3370
73 6580
5933 11533
1269 1008
26791 11066
24863 24862
20414 20412
2102 13023
9366 9364
37 6105
610 5509
12946 13661
23221 15337
7428 7425
7147 7146
507 5236
11517 2443
3291 1261
26774 26819
5770 5769
13875 13306
221 220
1031 1486
5533 18365
2460 11657
7622 7146
4163 9528
27363 11120
7483 7482
16643 16641
7415 6789
19378 11461
3742 24703
20225 20230
21945 21946
11377 26841
1999 1998
6759 6340
1482 1479
1668 1669
16698 16469
3597 16556
16599 15938
7107 6794
12358 10205
26089 22528
11721 2680
20299 20300
20505 20634
10662 11970
7574 29
5906 6020
16193 16189
1359 23895
1086 4818
23543 5134
7166 16190
7483 3294
2484 2578
257 240
3553 2792
12417 12367
1411 1841
8713 6839
14888 25130
20601 3726
3455 12019
26856 20054
12276 12364
2314 6489
16471 2668
21811 20683
3886 18658
13955 7663
11828 11679
9235 16225
1283 1282
11829 14533
6344 6525
5248 3404
230 1692
22396 3522
2513 2353
16602 16599
2019 798
1759 6580
21700 21754
1198 1854
15247 23383
17233 9528
24276 24623
8731 12383
21523 21569
1618 8038
24375 24373
8018 8017
17925 7540
20508 27189
11721 14599
9264 953
5282 5280
1081 19066
20382 22768
11640 11641
11612 12333
1175 1173
11961 12221
3742 1630
5360 11700
7275 7276
25311 25347
898 8220
24553 822
18745 18956
2506 17639
19266 11488
14921 14006
19416 1633
3264 5388
2168 1550
11689 12149
9571 9569
13107 11608
21364 10154
8837 485
17487 7556
11721 4224
7239 1058
16509 9860
9018 22602
3370 5262
24799 24798
17923 17922
4224 11967
3653 2352
9499 9585
16058 8877
5177 5176
16546 16545
5765 22379
11481 6871
11550 12111
12906 12907
9499 7491
9003 16709
3000 3076
8566 7811
10793 10792
8517 456
1944 5955
5704 23429
961 4209
11125 12470
13416 16927
3105 4711
9463 17754
3238 13871
2271 2270
17487 17489
12417 1321
4412 18797
13146 3453
613 614
6311 8915
27263 27331
1152 12448
2002 2001
7968 3674
23410 18418
4353 29
3773 5641
481 14579
8363 7586
16993 16994
11967 11715
2640 2638
26373 6945
4844 25149
1531 5920
10170 7500
27094 25172
20699 16677
11592 11545
8223 8222
24019 24016
7385 6857
7123 6857
4353 4351
26871 26820
20994 9620
12479 4134
7425 7424
23895 23428
25161 24974
7426 18414
6058 8455
456 1057
7954 7953
22653 6438
9313 4065
14872 12022
16513 9015
11652 11680
3247 2161
6875 16032
407 23274
26585 26584
14271 24341
26884 26880
20566 22806
11041 11499
11860 11602
26688 6525
14007 5020
10203 5704
5280 5276
14209 18215
16929 16928
122 16056
314 307
1180 6578
1796 431
5951 2448
25802 25801
20511 21005
1041 17265
25001 24998
11531 18866
2102 11468
2404 3404
6929 1985
2680 14599
6796 6596
6689 6470
11780 12898
11824 12150
8976 3345
13 5317
985 983
10205 14623
7624 7623
9489 9757
2517 5388
5178 259
14085 13439
466 13600
9409 17089
12948 12946
6759 6771
10305 7283
21784 20473
4878 7093
25010 17597
21278 20601
3665 2404
6643 6596
13091 14163
2429 2427
7035 2919
4220 5366
5156 5051
18906 19373
25543 25415
4140 2633
9000 4439
4382 4381
4888 2792
5283 5277
997 296
4375 6593
13012 13762
1252 8924
24684 18716
357 4810
8027 8026
21364 20947
2944 1947
5062 2312
18521 19131
24862 9044
15232 7843
11613 14437
9652 729
20508 17700
37 1314
17790 20494
7864 7860
18238 22310
6810 7365
16440 14524
2919 23888
15977 6886
16546 7043
5648 5647
99 98
3947 9283
11896 11877
20894 22435
21555 20491
9816 5388
25366 24913
12047 12046
15980 18151
41 5755
24389 1024
7361 7360
18730 18729
13760 13759
1790 14066
756 489
25132 25133
1346 1486
11971 11125
1816 3623
4635 17096
3455 14570
11092 11422
12236 14025
206 17728
11971 12293
3595 12106
25494 25606
3740 1089
2241 244
7268 2944
14041 26846
12367 12414
6344 26688
6596 6981
2021 1409
16640 16638
6800 16839
16193 7547
14888 24998
2571 1058
7166 7548
221 4773
794 2191
1716 1712
385 18430
12076 11834
6687 4251
3742 8840
7164 16190
20519 2104
6470 991
20351 9875
4821 4817
16193 16191
12230 12358
6798 7623
9457 17431
2066 2067
19558 25407
18053 2611
16986 4163
12324 14622
10036 9150
566 3737
4134 6223
6018 3203
18715 18716
25203 8945
26920 11144
3262 3261
5332 660
14636 14708
271 11144
2356 11820
23896 1359
10203 10202
6698 5298
4844 16828
16322 16318
16602 16601
8536 6777
463 5837
728 7303
1531 5412
11061 11172
24276 24625
9044 24859
16627 8673
1109 11317
6145 6667
35 3525
15229 6190
11391 13383
21278 9581
12236 4844
6948 9916
21039 21350
21121 21123
1278 9032
21329 21826
6018 5552
3742 1632
5646 1479
6018 6720
5028 12397
22347 24963
11814 11917
15972 19601
3594 11681
728 9652
1803 1804
4129 9517
6326 2527
5592 10116
7364 16223
10447 15513
23957 5731
20967 24
72 5002
2639 1258
24861 24860
6948 26373
3263 8026
1860 17735
11476 18809
11576 11577
22259 21709
16502 7055
11550 12113
2176 11592
9500 9933
15699 14315
18730 24032
2090 8519
14102 14103
8517 4888
7670 10156
130 16886
16211 9629
4745 4743
22187 22341
3069 3070
23912 2066
20538 24935
14672 3723
4821 308
5340 1627
20530 11232
20974 3544
149 13987
2384 2563
956 955
8731 9849
2353 2984
433 685
24096 24639
15954 15951
16827 25150
9264 9265
687 686
2355 19016
1359 8434
1389 11989
10977 10978
16194 2993
11239 132
25125 14315
22079 20542
16220 16228
2549 1704
24019 24018
6980 6810
7709 4970
25076 14315
7466 7198
10673 6258
14161 3153
992 16840
22435 15077
18480 2797
11890 4680
20779 20930
1359 23952
24934 24933
22815 6438
8245 9824
18480 19241
5531 18739
7455 7453
3566 17421
3599 1568
15515 15513
20566 22808
6344 6461
16058 17189
9150 9149
8294 26426
1278 8953
21711 21849
6238 18308
5280 5278
12442 12188
26669 26664
11461 19442
8352 8351
3208 370
3894 8511
685 222
16137 7804
5388 18811
1947 6981
26662 26661
25001 25000
62 2165
5836 5617
14774 13946
14276 13144
1771 5974
18816 15268
20894 20893
1947 22149
19459 20329
7147 7579
21554 23154
11781 11782
19033 19174
6771 6770
8553 7415
10423 10418
12974 18707
10970 10816
7622 7579
4700 6931
1152 3377
17235 16986
4312 4311
728 7250
23312 6853
8174 9489
4762 2561
18825 20578
3051 1833
20054 27197
12345 2856
10198 1561
11805 13199
16319 16317
21537 21766
20382 24932
26846 26845
11377 11180
1069 696
14028 14977
11815 14789
12822 2111
23360 18278
20510 27332
20653 15303
1278 2792
5283 5279
24372 24374
13975 11889
4414 925
19208 23325
11105 1568
7906 117
455 12029
1505 1936
7284 3746
11721 11636
15048 14962
537 7897
4045 8117
2478 456
16546 7971
5710 7453
4219 4217
1624 6704
2984 11820
9892 6311
6566 7788
24058 18562
7864 7862
26841 27682
3134 3133
12703 16927
18238 22312
17631 6853
2356 2573
17874 17871
21212 18168
1516 19306
18717 24683
9456 6804
10034 4566
11592 12636
10969 10967
15988 6902
1591 19601
5833 3601
24853 15884
12224 12583
1775 2160
1014 1015
20019 8102
8821 8629
24019 382
23360 17715
6927 8948
5585 10036
992 10237
15988 16822
3301 5703
460 2011
16110 20491
6101 6102
9148 9145
4019 4936
11049 1110
2000 1581
10816 10967
12017 11889
3872 1210
5680 5062
19033 18745
5857 10616
14242 24852
6144 3439
9550 20681
3566 7327
25528 25606
2895 2167
14888 25000
15102 10205
8682 2148
1531 7145
26436 9916
4517 4516
27035 26985
1716 1714
11946 11541
24920 21441
7244 9311
35 1057
25086 9581
6129 5948
7164 16192
5070 18207
5079 8605
1321 12411
20577 19080
7446 18278
4821 4819
12582 12583
20749 20998
573 21004
15953 15952
15127 12426
22435 18407
10883 8122
4045 7688
4844 21139
4743 1314
3344 8809
3742 15500
38 587
7689 7688
16469 2074
6188 15401
12399 14919
2792 2819
20864 16383
6146 15404
6480 1694
482 483
14545 12084
20563 22807
5617 13
16322 16320
2873 14943
3742 8976
24261 11258
27125 11147
6798 9035
6127 10816
1530 3499
20517 22058
6429 6428
23747 1359
21110 21111
7134 3507
15247 21522
7002 7000
1090 3843
1973 1975
5861 5863
4347 2266
7244 6762
1938 971
971 1936
585 4610
2020 1269
1278 5062
481 7670
20905 21766
17875 17872
957 954
7446 17715
15357 15358
5028 12399
17755 5160
11307 26869
7994 3439
19146 3439
6842 6839
12237 15139
8827 1198
17886 25736
21598 15694
20441 20440
5248 10079
24625 24622
288 4336
3519 5739
21228 22661
9693 18207
16999 9849
1182 3566
23896 23429
17220 17136
24854 14242
5563 9538
6840 7072
11717 14672
25077 25133
1633 9100
219 220
260 5176
5996 9834
4375 10046
20694 21680
15470 11461
2244 5955
2213 2212
1058 1894
3076 3075
20411 22496
6544 1947
20699 7916
21882 21064
8052 5995
1531 4743
20634 15371
23912 2068
4762 5328
3445 8432
13758 9168
10674 10673
15918 23759
4955 2461
5730 23957
956 957
7481 3294
15954 15953
11300 11256
9636 16494
15978 8884
1452 1430
4153 4065
14075 6606
20460 5782
5771 5770
12983 12043
6144 6769
25159 25161
21570 21569
24403 24131
20495 17790
1252 5169
20351 21946
11189 19093
3894 8621
632 3209
7216 10408
8945 5070
299 296
7218 7219
6019 6666
26669 26666
20891 21523
11457 24398
19144 27746
6829 6885
4348 2267
10676 6571
6326 10731
3325 7538
992 5070
16194 16190
4009 4006
25474 25451
4076 798
25762 1237
798 1269
11476 24798
5291 9697
15829 18657
15225 15281
16545 7264
4425 4069
25066 22852
992 990
9380 25131
976 6415
3737 16271
24289 18730
444 4339
10423 10420
5278 2709
11537 12326
5973 5974
20488 20365
8174 9491
26791 26790
5685 1491
760 761
6606 7994
20601 8349
16600 16598
8360 4635
15269 15300
5854 7837
6981 3855
6040 6041
10781 14800
3519 2290
16987 15960
5283 5281
24372 24376
24765 14242
17235 17230
18417 3321
1624 2384
7510 8521
1670 4715
4134 1287
5053 22202
11450 27094
537 7899
16546 7973
455 4568
6212 6390
18825 11144
2944 7549
6980 26907
16388 16395
9875 21945
12230 13851
3894 7842
5388 20586
623 624
13091 13133
12703 16929
4574 4568
20653 271
1465 14122
16226 16225
17874 17873
12098 12096
22345 22341
15353 9655
959 960
3597 7676
2676 4593
10237 25801
6841 6840
5769 4076
10884 8121
6554 25994
6043 6042
16211 16223
16509 9235
25159 24974
20382 3726
21581 5033
19437 8880
11321 5880
18956 18635
21201 21027
5388 3566
20225 20223
14115 14112
25130 10165
20734 5053
6422 4762
4209 11744
2895 62
496 7857
18158 4813
2406 1628
4700 7551
259 5177
5388 9874
23990 24650
8294 7811
21154 23022
18228 2778
9550 20683
1794 431
14888 25002
9937 3830
12283 15393
17382 21645
5552 6720
14193 27069
12577 12578
20315 22344
2680 12201
23828 1216
8007 6791
9417 15966
27054 27350
9066 2153
24020 24017
11689 11779
21787 24
6021 10968
573 21006
135 2350
12762 2838
2526 6257
5153 5267
7627 8906
409 5070
8781 7767
11747 12659
976 4134
4045 7690
18717 24243
8026 6144
16411 15950
5088 15085
6769 7276
11719 13728
26374 26436
2941 958
6667 15401
15048 5086
7689 7690
159 15108
8421 5101
5234 7676
315 308
26881 26883
17382 24933
26663 26660
18426 1705
20315 21660
11399 11400
7213 7064
12259 12258
27275 26894
2021 2018
23913 2067
9000 7531
22313 22310
10424 10417
1627 5999
7862 7860
5391 1486
4970 9306
2076 2075
37 4743
5698 1902
16544 7043
17875 17874
7057 7059
3707 5964
2232 18308
17398 25799
5415 6394
23309 6854
3455 9126
13162 11779
5552 6399
6018 5906
23760 23759
12456 12556
6842 6841
8493 8494
11774 11704
17889 5098
17758 5581
6044 6043
20740 20738
3591 12326
2445 2443
15755 480
3948 1717
6380 6379
9208 17457
25204 25203
6932 6892
24473 9937
9125 6842
6876 15362
19966 6980
17997 17998
20538 21435
18243 8605
12400 2838
15027 3538
16194 13480
8492 25773
4510 824
23896 23781
2792 3318
16388 17631
31 3261
1531 4745
24935 21645
13762 9168
22187 22345
8498 13402
15914 6902
5993 5229
16930 12703
7101 15951
17941 2618
20490 22683
1086 315
20798 20584
13108 17167
4920 7875
3399 5285
2939 7515
21544 21542
17875 3203
4413 7549
21700 21789
17990 21620
3041 2049
2232 1651
26978 20873
4865 18906
11584 13232
24863 23997
7999 27021
12399 12398
2067 7707
5291 10383
19958 22125
3260 3261
5842 6470
3566 5290
4426 1947
6144 6771
7767 19437
1749 2069
9380 24999
27332 325
4893 9182
3566 7626
42 2443
2230 11912
3429 8560
23496 7069
6787 19601
17220 16467
343 341
2604 489
8567 9290
26869 27746
6982 6981
1073 3075
5033 21849
26669 26668
15933 8567
11438 17971
1321 4308
8363 10170
14242 11164
1276 9032
27189 21456
22768 24918
16194 16192
7767 4403
7576 7575
7455 6760
19356 7144
2680 13437
21224 11498
23430 1359
23312 23998
859 11080
13441 14040
15969 15966
26978 11450
11969 12022
17922 17920
135 2768
3170 14590
13774 13287
16604 16598
16193 7164
4819 1086
10455 10724
70 2531
7427 3264
6279 3400
21042 17856
4134 18430
25010 25416
5854 5853
14888 22292
3872 3871
11707 11584
7395 7109
4279 5952
7766 15912
834 833
26839 26846
17235 17232
25531 25532
20565 20563
12983 11724
4953 9959
5854 6913
5921 5920
7170 5836
4266 132
1789 14881
652 654
8200 7105
10145 21771
954 955
1246 2066
5901 11051
1278 15052
5062 1621
2355 13693
5710 6760
20883 21380
10088 16928
24626 24621
13916 13891
26909 27268
2856 8498
18890 1947
1790 13133
5291 12411
13002 13147
21030 21026
13184 10680
14113 14112
4029 8540
6776 16475
1725 357
6704 9725
6876 4813
1253 5731
14511 22560
12014 12225
18414 26985
7702 16640
7205 7203
14125 14122
21201 21029
9417 9418
12227 12225
9424 7327
5053 22459
3453 15146
3238 2389
25366 14315
552 6707
12019 10246
16388 6853
8631 8630
4568 12029
7586 10170
7833 7832
11637 466
20694 7992
7948 8307
3737 19456
6277 37
2684 11787
23953 23952
3895 6981
1409 2019
13955 13953
17692 16211
1486 1485
3681 2033
3075 8
6538 4952
3762 14975
20291 21989
17739 7288
6311 9339
8880 10394
10421 10418
10968 10816
5842 9800
2068 19223
12099 11908
14921 2792
17233 16986
24020 24019
14124 1465
26920 11258
260 1529
16467 16140
15080 14570
6027 6025
11221 11383
1505 3955
25864 22768
6344 6641
5322 7670
11798 4224
7646 26570
25407 25454
23693 24913
5153 3404
7787 7032
2111 3886
21914 21570
24638 13343
5880 11088
1276 2792
3430 7015
5565 5563
2146 6095
20994 22058
26881 26885
3346 3345
7397 21520
21442 21467
7426 15805
26663 26662
4513 6346
2011 11239
21095 23049
16544 7971
17856 21004
9978 12426
21278 23924
570 1704
25273 19573
9499 7244
1479 10331
2021 2020
21383 22176
6772 6771
1612 5235
22313 22312
7627 5070
10424 10419
23359 23360
17700 18168
16643 22852
7975 7510
4134 17438
2937 7095
7625 7626
4893 5412
1796 1794
1252 7817
8492 9197
42 2874
10675 10674
2271 21500
7244 9920
2680 12808
15989 7991
18715 24683
9877 9876
17779 18811
261 208
12983 13765
3391 11853
6839 6838
10385 3903
3279 1732
5070 507
22491 21392
6418 6781
8818 6041
12400 12397
11125 2895
1770 4077
2792 1321
8674 8019
11707 11881
26428 7910
19146 7994
19378 15470
8192 5471
16058 16698
11762 4354
3599 11105
3034 5176
6812 6977
9420 9421
130 7551
9270 2243
5621 1266
1759 1945
7680 3387
26864 2074
17018 17019
11552 15403
23781 23429
4821 314
6104 6459
495 859
15102 12358
18433 4809
23913 8272
16479 17384
1216 3773
2111 21887
4634 5039
25846 20642
833 2022
7377 7378
1472 208
25404 25629
2232 1653
7427 23185
3599 10192
1321 12578
5199 5198
7707 8421
5674 7642
1409 798
5388 17636
18322 339
2919 7171
496 12357
14888 3717
7973 7264
12864 14570
4715 18038
4878 8122
9380 25001
25805 16645
5857 6716
8350 17
1205 18122
13306 14622
18168 21456
27746 27671
5388 6911
8762 1947
1228 1258
3439 6769
16059 16666
992 4953
7707 8434
26666 26665
26663 3965
5660 3519
985 978
21811 20975
18067 17509
16128 6041
2018 1269
11903 12559
7697 18161
7897 7898
20505 20710
1216 15813
20947 15393
6794 7053
3455 12203
1041 3623
1182 3370
6021 6019
14075 1496
976 2447
12099 12097
1389 13876
5062 14200
17641 17643
8710 22536
16604 16600
16193 7166
24623 24622
12703 13416
455 12961
1076 476
11493 15828
21849 23027
2904 17940
12336 14009
10552 10551
12527 4680
806 3217
9624 2059
8880 4759
10832 18418
14511 20442
12198 12439
20372 21567
8540 6798
7905 5533
11315 7396
1296 5151
5062 1731
9636 4634
7199 9922
23430 23429
16724 2506
7054 6794
18149 17631
3366 4923
1041 16831
6956 16058
7216 6829
16828 25194
24863 24859
23998 6853
4337 4336
70 1849
11652 13703
11721 12113
12762 2695
24626 24623
2314 6460
279 3420
21536 9869
1627 9694
595 3131
20855 24932
11643 11641
6841 7073
16388 16412
3742 3345
12014 13045
522 788
11611 11608
27242 21673
3340 4762
16643 16638
6013 8089
7766 7767
7702 16642
14125 14124
8903 23428
4953 7291
1716 660
6190 15225
6980 6979
3742 4405
18889 24183
7646 2639
9491 9490
456 1228
6940 7028
6226 6224
12043 14742
3746 8432
16192 16190
7178 12040
17710 2267
922 3889
27040 11120
20855 25066
5088 3291
2722 646
12417 8163
5552 5906
1008 7046
9875 16138
7282 8081
5160 21597
5995 7415
10979 10977
12821 23007
5203 5200
6937 8837
10421 10420
10745 10746
19347 18106
1359 5704
14579 15108
5858 886
5169 3522
23222 23223
242 25606
456 2638
2350 4278
27263 21462
6887 6885
7167 7168
5322 7672
6801 8279
886 1175
2011 1550
4953 3345
20711 22819
2517 1947
4129 4130
15515 10447
20788 20824
5322 8840
20702 3522
18243 5079
4480 1849
9937 18426
12527 5540
1253 5291
17233 17230
293 2768
7684 6798
3246 18456
1261 456
6787 1591
23990 9044
12703 10088
6544 6007
17856 21006
5919 5918
17489 21478
16831 2553
19521 20342
25348 25347
696 3508
26593 13480
13955 12345
7071 7069
10424 10421
12141 14606
12237 14085
17923 17919
1228 6937
1496 19254
7147 2405
2615 2616
27337 284
6225 10697
6294 6101
24854 24852
20733 20433
17230 16127
21545 21543
20729 20728
203 4635
886 5860
10313 4029
1345 6411
9585 7491
26667 26503
5291 10011
5200 5197
18769 26089
22595 16792
25003 22292
22202 22459
11602 11601
4878 8566
11969 10577
1321 1479
7697 1330
524 152
25204 25207
12399 13315
701 724
3034 5178
7184 6851
22906 10130
20012 684
20642 19510
5999 3429
2002 1998
5813 41
2356 2984
11612 14103
14124 3482
24058 24113
26462 7802
26694 7105
9027 5641
696 2716
7676 9915
7268 1947
4279 77
9339 8387
2011 2168
6829 16543
18149 6853
6956 16355
11100 21926
10980 10978
686 163
11454 22683
12414 1262
24018 24017
9620 25231
19958 9994
7093 10883
11372 4076
6019 10968
5950 517
4893 7187
20904 22906
4346 4345
6240 7934
18978 20267
13452 5051
8272 7707
18715 24243
7059 7219
20764 21290
7206 16543
16545 10398
3360 3203
4744 15358
5854 6528
9018 10156
10305 2716
961 14381
23049 22182
4426 7549
87 756
11989 3957
26661 26660
26795 23213
5703 8466
4209 14381
27364 27342
26866 233
19174 19172
2256 2254
23274 8421
12527 11890
3439 6771
5552 4806
21357 3387
2019 2018
26304 27069
7017 8218
16101 7216
22311 22310
21888 12822
1389 11421
985 980
11493 11495
12367 12022
5390 9295
22949 25226
9333 2273
3742 16729
1359 10202
20665 20664
3125 11805
23997 24859
8199 8201
1215 5993
18890 19655
3455 12205
2176 11629
17937 3522
21185 8807
6582 6583
2993 2991
6279 10746
3566 409
20440 20438
1651 18308
13107 11660
16644 10366
6277 9101
9636 1119
9520 14005
2425 2426
6175 10810
9511 8294
8731 16999
20410 22895
11890 12864
1269 1920
5279 5276
7450 6928
3895 6596
1095 24398
22096 22785
6780 9577
7071 10049
7206 16101
17230 17229
9856 7696
9892 9339
18825 11137
8018 7385
9642 4963
3035 490
1020 11917
4610 20578
16322 11375
5134 6470
6395 1485
11995 13681
585 23222
235 4413
11845 12461
4403 8880
20670 20324
22156 25845
24933 21645
992 3345
8963 7684
1759 1760
3746 1642
21882 8051
4270 4271
5770 5755
1668 5025
12014 1020
12409 14610
11318 11079
4224 13200
20350 21258
3785 5919
20508 18168
12461 12033
16599 8219
3831 3591
6833 8369
8916 1314
21691 468
5070 5236
3927 11637
18892 1876
7689 4045
24861 23997
24626 24625
16230 16350
2484 13289
19249 18099
552 6698
21382 22199
6310 3238
2944 18414
11584 12231
11969 14028
7649 9463
4972 4970
6775 8441
9572 5388
5388 2404
7483 7481
1790 3459
16643 16640
23429 10202
27396 27740
10313 8540
7129 21478
3962 6504
7690 17344
4864 19373
6377 4352
8567 6771
19510 25845
1999 1997
1073 3000
1389 13328
5660 2984
3070 3075
2818 4251
11852 12059
8965 7985
6414 25000
1527 6095
465 11667
5674 16330
456 7646
4090 2609
2271 23222
2244 5332
4818 315
9034 14356
4312 5287
15387 5592
20299 3387
13468 10577
7095 1841
2047 2953
7986 8953
24098 24724
5203 5202
6810 6812
10163 16543
26462 7065
19024 3189
24130 19014
11827 11719
11461 3519
585 20578
16602 16598
3034 1529
456 2640
6018 6704
24276 24622
14087 14089
1618 8037
1633 8840
6585 3553
728 6482
2068 15147
1629 3702
13771 6390
22206 22204
24130 24275
1613 230
518 6645
13306 13874
26570 2639
23326 12557
2027 13052
17233 17232
11576 3748
21121 21120
13728 14277
20490 11454
3343 3344
8106 18278
21932 25994
12263 12262
17475 1947
5993 15813
982 979
5533 781
6606 11317
20490 20435
6784 17739
5969 1311
24275 19014
1317 23105
1008 7303
21363 20774
3709 3522
21364 22396
7672 9018
12326 12439
10424 10423
11637 14846
24627 24276
21520 7596
7093 7355
13908 12006
20683 21954
6771 9290
17923 17921
9499 9584
16546 16544
17234 16127
13571 12357
5369 5345
4583 235
20475 25159
971 5556
24624 24621
24627 24626
18433 357
23990 18858
10163 16101
6710 2756
82 4347
8007 8341
3000 3075
17715 18278
8603 8601
1172 1237
21363 22184
3076 3070
42 14784
21644 21645
5674 16840
13679 11607
20538 24932
4224 13147
9427 9428
10079 5153
23896 23895
17487 17488
3927 14846
8629 8630
1086 308
11498 4433
203 5818
11421 3957
9978 4404
3629 2478
11450 20873
406 404
21754 21789
82 2266
21927 11100
20289 8928
4745 5921
2047 2766
11454 22685
22456 5442
71 5002
6580 3948
20490 20932
3493 3721
11032 6188
1486 5624
5680 13756
3345 16840
20539 7992
26892 27107
1531 8255
21058 20342
6981 4413
18284 5070
20377 11498
8560 8341
17076 25837
18141 18991
16929 16927
20841 21926
9395 14511
1947 6978
20511 21004
6798 8964
1621 2792
2008 2006
11051 2363
1330 17488
9080 8878
11824 12149
5062 2406
10394 4759
5674 5673
10422 10419
2406 2402
985 982
19131 18925
5281 2709
13468 14028
2355 2356
3215 3214
9978 8163
5765 9588
13442 5344
6759 6770
5322 9018
11372 24160
2429 2426
4634 16494
7767 4759
26877 20530
16312 16311
1462 2610
5283 5276
13003 13002
10792 11426
9620 22347
3742 26651
7454 7453
8455 8021
15514 15513
6268 4853
19081 19080
17234 17229
12205 12204
5279 5278
7144 1225
21095 22182
26949 11105
20861 20554
9506 22595
18422 18562
6417 4279
7171 23171
8553 1251
288 4278
642 2295
6810 7364
18582 11273
1527 6889
10676 10675
22292 44
25864 3726
3596 2114
23379 10249
5982 10595
992 8945
11599 13575
12406 8945
20640 16138
7361 7359
30 1394
6331 26735
4613 4612
21556 16110
13760 13758
5028 14919
5142 5141
3746 10396
2406 1731
1346 1485
25150 25149
7697 7695
18566 11507
9366 9365
5197 5198
9550 21954
10676 6258
8544 5995
12358 14623
11153 18197
14114 13818
24854 11164
573 572
24918 24920
8962 7676
14041 18443
20379 21974
2146 15403
803 805
22653 22815
4589 15528
14888 24997
16643 16642
26884 27042
496 13571
22072 22540
5663 7980
5680 11596
20947 5169
11908 13232
2797 19241
10158 4403
19080 20601
293 3793
16127 9528
1482 1480
17739 7281
11067 235
7164 16189
11421 1221
7109 7097
15027 8163
7441 8361
6414 25002
7361 7843
983 978
976 6223
20954 22676
1152 12047
1254 1212
6486 2661
13023 11468
2648 8164
20994 24963
6521 2618
20512 20530
5179 259
7054 7053
3745 6225
10383 10011
12479 18430
20343 20428
639 11125
3406 1282
8497 540
2352 11404
7670 7672
3262 3260
18478 18479
6018 2384
3647 7760
5284 5277
456 3689
4821 1086
5813 1642
16602 16600
42 2625
14888 21051
11679 12496
11713 13541
16038 15969
2680 3928
3246 4568
24276 24624
3702 1172
1618 8039
6643 9912
5726 21766
4224 13002
18730 12112
11254 27377
7992 502
1175 1174
3493 25736
6415 2447
5291 1250
13264 12603
982 981
370 17864
10088 10089
20681 21954
22809 20563
11689 12150
9571 9570
1233 11853
496 13021
13761 13759
8066 1740
21882 9034
23693 14315
5592 10115
10447 15512
11586 11584
24861 24859
20475 25161
8163 12411
25424 4822
21691 20699
2355 24358
24624 24623
19075 19074
22313 18238
6839 7073
409 8945
16030 6951
1216 3295
14252 13107
16320 7693
3294 3295
12113 11636
12870 9629
26856 27197
16756 25256
5996 6798
16102 16101
27035 7426
12687 3277
6945 6947
2496 2497
11592 11641
20442 15427
8553 7735
1283 3406
10061 5101
20538 24934
21462 27268
4429 6428
14028 12022
4821 307
12019 9126
17487 17490
11752 11751
3246 5065
7583 7584
4278 2768
6461 6460
9489 9490
11861 11657
21031 16357
956 954
17479 20460
5795 5818
7973 10398
3051 17779
16827 25149
687 685
1278 12201
7650 7651
11643 11592
12398 12397
676 1435
6400 3309
1216 9027
17874 3360
21208 21214
135 293
18562 24113
4353 4352
18910 18932
13108 6787
20802 17493
23359 8106
27109 27107
26892 27109
21928 20493
16432 18971
10873 6547
1938 1936
6786 13036
24934 24932
6254 10731
11436 12551
7455 7452
24398 26349
15515 15512
6344 6460
9262 7632
6800 1041
24999 24997
4745 6394
6061 6071
18865 18529
11723 14715
1073 3070
23953 5704
20841 21928
6018 6411
18284 992
20511 21006
1591 26795
10552 6209
14977 12022
1771 5973
20894 20892
11946 4264
20382 24918
14682 13538
3717 44
1330 17490
6771 6769
11531 19217
7955 7953
765 3159
10422 10421
985 984
7992 20852
4312 4310
17921 17919
1278 12577
3366 24848
7186 5412
5178 260
2640 1258
8567 9419
3566 16736
11969 12367
2057 3832
20475 24974
12948 12947
15229 15225
6759 6772
22204 9248
13527 13526
27250 11207
12150 12149
2429 2428
5051 3538
17230 9528
5283 5278
24372 24373
5854 7016
27687 27396
14075 455
17234 17231
11258 27150
9781 8122
3762 12487
16433 21383
23312 23309
27276 26778
9937 24096
5858 5859
992 6719
1957 460
6414 22292
1767 6981
8391 8388
13098 13133
2792 5462
12081 12557
1742 1740
9414 8486
5674 16776
23224 1854
9946 6546
8963 8964
12703 16926
18238 22311
11798 14568
25531 25540
3321 972
3455 1726
7854 8570
6467 6209
16102 7296
6310 12678
8163 5124
13839 6284
21770 24322
6880 14191
7448 7064
25078 23693
3566 8360
11504 21153
7416 7526
17487 1330
8821 7689
12224 12582
21329 10700
5854 8318
11397 11120
13876 10902
17669 20447
12757 3404
798 18099
2531 1849
12687 14191
18141 18456
1154 6097
22676 20465
13571 9515
8476 8566
20435 20932
12555 11756
203 11244
4970 16269
8568 8569
7164 7547
5853 5999
6290 6525
268 756
5906 4842
1771 4726
1028 6402
8027 3263
686 222
11527 5019
14888 24999
2684 11782
6156 6158
1345 6725
19510 5433
4517 4515
7663 13953
2267 9629
433 163
5479 10790
27276 27275
11147 489
9363 18171
3295 5641
13090 13096
3553 5936
7164 16191
1527 19389
2716 10394
13908 13728
3385 5534
1731 14200
983 980
6344 2314
5552 6020
6857 7265
5062 14006
3596 4936
6798 7624
19437 2716
6372 10899
4347 4346
6353 6190
6480 6231
11689 12126
20426 20428
9805 17886
11774 13661
12517 24322
6760 7453
4658 1205
7854 10235
1237 5074
13714 2356
15909 9320
7991 6039
6592 6593
8873 8871
4224 11715
25115 12445
5284 5279
948 4419
25802 8945
26881 26880
3680 13308
23953 10202
20563 22806
20891 21588
6024 6257
5277 5276
4844 14025
9037 3502
3455 4680
9044 24860
21278 25087
1591 21386
9146 6828
15909 15978
3769 2517
5861 5862
986 981
11753 11750
7596 8906
2418 3758
17875 17871
7166 4074
7954 1380
5028 12398
17493 21189
4852 17834
20774 22184
3445 3746
12142 13144
7799 16260
6777 10385
6796 1767
1069 8455
26463 8007
7017 7364
8202 8019
20441 20439
18414 1947
24376 24375
10246 706
25494 25528
3501 729
21811 9506
288 4335
16850 8557
24344 24571
1628 1629
6705 5907
23799 3345
7244 26372
11092 27680
1253 3674
2001 1581
2090 8520
12059 14556
7986 15052
15500 4923
21311 18322
1531 7186
27293 11335
4745 4744
12081 13793
21012 22604
16515 8809
7833 4378
1735 10399
10499 13408
25834 25838
7415 16404
2047 2757
25087 9581
16220 16216
6145 5997
8963 7985
5062 9268
8363 16328
15362 15138
3493 19927
9978 7670
6956 16469
15513 6676
2271 11254
11971 12470
15954 15952
18407 20966
20983 16547
16547 20667
12046 3195
7627 8945
7935 6883
12164 13804
1345 2579
5999 6000
7334 7151
12747 5228
6857 8017
4952 10914
5538 10486
11780 11828
20826 21151
5771 5769
9456 7342
1321 2077
1496 4589
7466 7199
5996 7284
11837 12712
20324 22337
20442 22558
20351 21945
10109 1198
1229 1212
5332 7240
2330 1001
3762 12113
2000 1998
15515 15514
2506 409
23895 23781
11951 11952
1228 8837
1531 6394
21256 22438
1372 1153
19144 27745
2993 13480
7187 8255
16194 16189
3265 8166
3566 3664
5842 4615
4818 4817
3058 1945
5673 3345
18427 18426
7455 5710
19399 13109
6127 15300
9380 25130
7670 9018
24289 18729
8924 7817
10486 14380
7420 4413
11173 18693
20768 25077
1278 12579
23312 6854
4425 6175
17232 16127
23998 18149
5340 15307
17234 9528
2057 3834
1950 12110
11724 12043
16128 17245
16319 16318
844 6995
2355 18925
456 1894
23042 24992
5283 5280
1869 13289
7713 11064
5585 5581
17234 17233
12570 2278
1735 4843
4487 6477
5412 8255
3327 5623
1997 1581
25172 20873
7586 16328
6290 26688
20442 9994
4219 4218
23912 7707
3265 5388
9572 9569
992 5674
6792 8361
7265 3855
7454 6760
16127 11371
16194 26593
15933 9290
7309 6786
1465 14121
1527 11552
5178 5176
5262 1908
456 42
19046 17504
11904 12458
23747 8434
9117 1152
14331 14332
1260 1530
20411 19288
19081 15246
11340 11369
1216 4870
5772 5770
12224 12584
21029 21027
25401 19366
15102 14623
1253 10158
15950 16410
22683 22685
25406 25079
5062 14921
83 5287
21512 18407
20894 21512
2578 13186
460 2012
5420 11367
5795 11244
21858 9632
1929 1931
27206 27205
3895 6857
3150 6703
17488 17489
22338 20822
11814 3129
25115 25024
8915 8386
12782 11922
1714 1713
1612 6132
20586 23732
11052 23222
3843 1153
20862 20863
12273 13213
3455 11890
2352 7073
10203 8903
1364 9184
3726 20755
13571 13021
10970 10967
12527 12985
9309 9306
26822 27107
5854 52
7123 7265
7147 7622
4809 4810
481 15108
18884 4865
983 982
18161 4241
24020 24016
7386 6857
17152 7424
2353 2356
9262 6871
693 17889
15127 12427
6791 6418
1742 8066
5290 9176
12495 18937
8519 8520
12407 12408
1296 1334
7397 7396
16495 6787
8713 7073
2522 2515
3248 2161
11609 11610
24377 24374
6769 7275
7204 7203
21787 22775
200 17094
14315 24913
42 3676
7452 7453
5284 5281
1717 1714
552 6370
2338 1832
18210 5836
1479 12422
7136 6924
42 4844
10061 407
20768 25132
203 9636
19459 24936
6486 6290
1531 5415
13003 12001
4404 5124
6181 6179
14442 3181
26466 8294
6930 6940
268 87
25130 44
781 18365
21784 20531
6791 6781
23326 19208
23639 23640
27379 27364
24703 1633
5391 1485
986 983
27069 25189
22207 16140
11753 11752
25362 25361
8421 19342
13701 13628
17875 17873
17922 952
957 955
11706 14831
13108 15972
2709 14260
7057 7058
23309 6853
18238 21079
6329 26735
6842 6840
9157 16350
8818 6038
6044 6042
12303 4325
4767 4078
3566 5142
14104 14102
9414 8543
6857 6596
3246 8089
9364 9365
21051 22292
21877 21876
12099 11584
3298 3297
5078 16664
9125 6841
260 5177
24863 9044
21932 21933
13090 14066
10079 5267
2443 2904
13839 17079
7970 7876
1069 19437
2522 2904
7196 20267
6786 7308
1153 5552
206 18244
13264 2474
380 381
21556 20491
8440 8441
3430 3429
6903 9290
6039 11696
2787 6706
7530 11374
16986 8288
7385 8017
11054 11309
25935 26309
20702 20700
135 405
1060 3644
11780 10662
22058 20715
8791 8792
1069 4403
3928 12808
11619 15403
9978 3363
12417 12414
10880 3400
18916 7905
6144 6770
7213 26461
23543 6470
9380 24998
6397 6398
16194 7547
25494 242
21778 23936
202 21117
20379 20289
5531 11387
13096 13089
15147 10246
20442 22560
10408 16543
21858 20438
25003 24999
20796 20577
2027 11811
5248 2404
2445 3168
4222 4223
27108 26822
2240 2241
1198 18345
491 13528
16803 17575
8360 16395
9409 17189
26869 27745
2691 3345
3208 17864
7162 6093
2487 9702
20511 17856
13453 13447
6538 10844
11438 17970
24917 21441
3894 6528
7264 7043
16194 16191
11827 11780
245 21995
23912 8272
11744 11745
20475 25194
19510 21021
3566 9035
9569 9570
5076 15371
992 991
12113 12487
7986 3887
7581 18067
27683 27682
9624 26660
12496 12898
24900 21450
1153 6399
6306 10736
7166 7164
17331 5262
26309 1878
6805 26369
19357 19358
16650 16649
14442 12109
12076 11679
20396 20898
5854 5852
12333 14718
16318 7693
3591 1642
8126 8081
5624 10005
3566 4029
11315 15903
5283 5282
6422 3340
4864 18884
15147 12019
15545 14
20605 20604
2086 14164
11750 11751
17344 7688
24574 27305
652 653
7530 7804
9572 9571
27206 12
15080 3455
1153 1056
3726 21441
12098 12097
10088 16927
22199 22517
7551 7718
4878 7811
10237 25802
13002 13146
3566 3345
6800 16831
11855 10245
4336 2768
3291 8021
13542 13541
6501 17703
7702 16639
7205 7202
13097 13090
1109 11054
20377 21224
5321 3742
1718 1713
2944 11067
2478 5144
18019 10068
6833 16311
15479 1083
2244 1944
8209 992
11971 10662
11637 465
2645 4439
8350 5317
12584 12582
7911 8653
17692 16210
1409 2018
4878 16805
5704 10202
20473 20531
10970 10969
1479 5645
3158 3159
35 1060
5203 5197
13468 11969
10421 10417
8869 3559
14075 9937
17992 21467
21598 23013
18200 18198
24403 11476
16388 23309
22641 14193
24020 24018
1479 12411
3265 8102
466 465
3762 4707
3366 4249
26778 26894
3277 6880
7397 7627
14888 9380
3591 3549
5388 22481
1171 16617
1109 11309
5028 13315
18426 12889
24377 24376
10914 10821
12648 10486
4135 1168
18141 5065
7767 8779
4301 22785
14797 9117
23997 9044
5284 5283
1717 1716
26881 26884
17232 17231
26663 26661
18292 18150
3246 4574
847 2735
10673 6571
16404 1251
12400 5028
12289 11613
16191 16190
16211 12870
17603 19510
5062 3527
6772 6770
22313 22311
10424 10418
1627 6000
986 985
11377 27682
25362 25363
3129 13909
2011 1910
1873 8392
10675 10673
27356 27355
24627 24621
1842 1845
2517 17475
7123 6596
1321 12201
6839 6837
6018 5907
3566 8406
16320 16317
1024 23992
3000 3070
13185 10680
2443 17940
2168 3183
1346 4566
3360 17871
8818 6040
20230 20223
20694 20852
18427 1705
8163 5291
15514 10447
11106 1568
4163 8288
3629 3628
27150 21076
9208 17458
5346 5369
6003 1438
3726 19510
27337 27355
1913 570
12399 2695
15805 15699
20278 20277
11596 14385
130 7550
5076 21171
12492 12456
5995 10366
21182 20683
9506 20683
25416 17597
6607 11388
7450 1985
3709 5169
3345 7373
12166 11882
67 1199
3566 8540
6876 8250
7070 7069
23781 23428
10237 8945
7244 9585
13452 5156
7101 15952
723 722
1832 4270
21935 5442
24854 15884
3399 5286
3762 3123
21520 8906
14125 1465
21544 21543
12236 3589
20378 4134
24020 382
1503 540
25182 25256
7244 7491
7805 3623
10969 6019
14337 14338
1321 12577
26074 25837
23210 284
17735 1854
17992 21630
6786 9767
25002 22292
433 222
1372 1373
6165 5892
25203 25207
19217 18866
9380 25000
15103 10205
7264 7971
4387 6571
6095 15403
5880 5881
18510 13985
25003 25001
11827 12708
17601 9973
10034 1028
7288 7281
27269 27681
17447 7291
7268 18414
26877 20512
22560 15427
17076 26074
13689 480
10832 23410
26806 11183
17479 5782
13091 13097
4813 4814
11172 11171
13264 12530
3566 9145
21382 22517
1365 5813
2355 18566
15128 12426
992 6470
7991 11696
27401 11369
3834 3833
7395 7097
11612 14718
7854 9597
1321 1168
4082 4083
7739 16440
5840 6616
22395 3709
27094 20873
987 3214
6734 7472
5278 5277
1233 3391
19416 19415
16820 9663
1531 3499
3566 5078
2445 24070
11531 11063
6761 16098
7766 15913
18284 8945
2389 3237
8192 9834
2515 17834
490 11052
2021 1269
6854 5150
25175 25834
3653 7073
5647 5645
17876 17872
10109 23391
8158 8156
11749 3715
24797 19014
22558 22560
11041 11064
8539 17418
6732 8055
7360 7358
4353 13018
7073 7072
12946 12947
24765 15884
6776 16355
10088 16929
3455 13975
24626 24622
14255 2970
17603 3726
27024 21557
11643 11640
6841 7072
2245 1111
4045 17345
4134 11681
12014 12226
7702 16641
7205 7204
12946 12960
2578 3391
7689 17345
7257 6842
19254 15528
1152 3290
12227 12226
15353 18760
1718 1715
5169 7817
71 972
23998 23309
13090 13089
27698 27671
6414 24997
6313 7158
6034 10483
1311 6208
11596 13756
13759 9168
5070 8979
22116 20898
16192 16189
7178 12039
8945 5236
17692 16212
21885 10119
5901 690
3522 20700
9506 16792
11830 11829
7547 16191
11525 2104
17872 3203
5203 5199
13401 132
992 5236
1453 1430
1069 2716
21810 20683
13954 7663
17381 17380
20734 20695
26585 23842
4635 4634
8876 7886
18456 5065
12163 15048
22206 9248
6883 6240
71 3321
22395 3522
51 13434
6874 10069
17232 9528
6606 455
21711 22259
20472 22765
13289 13288
13053 12523
9624 3965
20796 25077
17875 481
4266 5531
9314 4153
6414 21051
26950 26949
7004 7001
1164 17784
261 1472
12530 12603
6018 1345
1503 971
5346 5345
3598 5782
6538 10914
20796 20768
21522 23383
11340 11052
6986 8566
9037 3508
9978 12427
17856 21005
11128 24644
931 930
2223 4414
2023 862
696 3507
15933 6771
5591 15362
7071 7068
10424 10420
8163 5051
8495 8493
5267 12757
7764 7291
9585 9584
24267 27350
456 26570
202 2073
542 2932
3238 3237
24627 24623
21545 21542
25261 22960
12808 11779
1060 1057
203 4634
4224 3453
16328 2668
6842 7073
16320 16319
13338 15620
3566 18207
22712 22264
230 1475
21800 9875
7774 26422
2675 922
27040 27363
16513 7709
13600 465
5938 3297
9224 6851
3599 11106
2276 2610
3150 7567
3948 5332
7426 26089
23404 5939
26978 25172
20278 20279
690 2254
992 17639
6594 11680
1833 9624
16127 16920
14028 12367
16452 16451
8032 9805
2244 1759
21711 21709
72 111
12678 12850
8965 8963
2443 19352
11717 14798
3181 12636
833 734
16195 16273
13012 9168
2011 2167
22925 20291
23896 5704
13903 4680
6960 8660
15972 17167
26841 11180
5852 52
14850 14848
1527 13839
10980 10977
13818 14112
4759 20311
135 288
1583 1582
24018 24016
17382 17381
10880 10746
22641 27069
12864 1726
11834 12471
6956 16475
4893 7186
21246 11005
2515 6372
3566 6798
14075 14074
42 5587
20494 11077
25131 10165
7199 7198
17076 25834
7202 7203
7257 9125
9869 23022
6812 9906
351 1094
10170 9135
456 2571
409 5236
25864 24918
11946 11951
1384 1385
9380 25002
13998 14177
4879 13909
10447 6676
6797 9490
6340 6770
1531 1260
10034 1030
992 7627
1938 5556
24574 27751
3170 13412
985 979
12925 13332
984 983
11032 6669
11930 12020
8695 6940
2355 2353
20413 20412
26651 1633
1389 3957
16467 21915
22456 21091
22313 21079
8032 17886
17230 16986
3455 12204
25203 25801
1639 5236
11721 11967
8027 6144
7320 1327
976 2448
5740 5741
455 15514
6015 6205
42 18085
24130 24798
24980 25005
6097 6015
9653 4963
6874 6875
7556 17489
2818 9001
18168 27189
1269 6578
2406 10225
24683 18716
17661 17973
1529 274
26667 26665
2691 19927
6948 6945
24078 822
16388 16387
27276 26894
21168 21876
11504 11457
13766 12998
17136 21915
21064 14356
7275 16092
14125 3482
12275 12273
2104 20517
25125 25076
6707 6711
5388 23732
2484 5462
7709 7918
13689 13690
16545 7043
17876 17874
5858 6096
2680 1321
1921 1269
15515 6676
21811 21810
5179 3034
3785 5918
9636 4635
7140 17156
11875 11871
2020 1921
1192 3230
7718 130
66 1435
7428 8699
6979 7375
26304 16130
7627 7596
4634 17096
17778 7782
23998 6854
5288 3327
24626 24624
6552 6032
2484 13288
11643 11642
20519 20517
7738 17384
2208 7876
7684 16330
4635 16395
5955 3948
16724 992
11531 9334
16192 7547
11457 11371
2484 2792
7320 9637
19208 9816
10047 10046
7702 16643
8903 23429
27263 26806
3566 5685
6608 6398
22808 22807
1718 1717
8307 21597
7975 8521
2856 13402
71 19175
18161 15080
5092 5091
23896 10202
6414 24999
20855 25175
22190 22879
17856 3598
6013 977
23973 23897
24864 24859
6226 6225
20891 21570
7104 17754
6798 9834
7032 7786
16192 16191
11706 12583
4568 4569
7386 8018
3291 6052
17876 3203
2443 3676
23895 8903
11372 5769
3406 1279
6979 6812
3455 12017
5203 5201
9978 281
2353 12040
3566 16665
13714 12379
11904 11901
22704 20898
12001 13002
1717 660
456 2639
12164 12242
22260 20332
17136 16467
6858 7875
1947 15903
16038 15966
8794 24909
17938 5262
898 19172
16643 19459
16311 8369
203 1119
6942 6943
4434 11533
7004 7003
25724 8710
26660 3965
6486 6525
13714 7144
982 978
3707 5956
3264 9816
16228 6920
18590 19016
3294 7709
3263 6144
1389 1221
21364 22395
14121 3482
7071 7070
10424 10422
3507 3508
17923 17920
9182 13
6040 3297
25227 18763
12096 12097
16194 7164
1118 6477
10056 16792
13127 14005
24627 24625
21545 21544
5105 9849
5855 5853
2402 5074
7427 2517
3566 8531
51 4134
9268 5462
20566 20563
24026 24004
3455 12864
652 833
6791 7150
1321 5092
5388 13412
6132 5235
12224 11706
7265 7420
8531 5290
16617 10370
12678 6665
11117 11358
14315 25416
25261 25311
18775 6606
18811 1833
8674 18292
17938 1908
14524 7739
2578 1233
5201 5197
2522 6293
10980 10979
37 6400
242 25528
5039 1119
9877 5115
14114 14112
8476 7811
11316 11315
456 3499
20267 23747
9414 15449
995 3484
13776 14009
10365 21535
26035 5433
21051 24997
8992 12427
1767 7420
11646 13526
11859 12358
3239 2389
1069 8021
16929 16926
3539 21340
8341 23693
16603 15938
8674 16211
490 1928
11577 3748
23049 22183
1069 4759
6798 8963
26662 9624
3205 10325
11875 13241
20577 20768
9411 7055
3148 3146
6720 4842
11861 2460
6286 6307
7206 7216
1770 5974
6340 6772
7065 26461
6596 6240
16189 16190
22595 10056
7065 7213
17578 17577
10422 10418
10969 10816
11518 3676
7860 7861
12411 281
11679 12898
17234 16986
10844 10821
6078 5846
27325 11378
904 2160
10697 1618
7627 5236
2011 2895
16318 16317
25724 22536
18322 22289
18099 19248
23359 18278
3758 8164
6681 9680
8355 8311
19288 22496
7649 7102
12205 12203
17 14
25130 3717
3742 19416
1740 3721
26466 8476
444 495
7095 4715
12198 12429
3203 5552
1228 2792
1276 2045
16545 7971
3203 6720
6808 4163
20788 20425
3746 10382
5124 3538
1496 17445
18101 18102
6395 1486
585 23223
6979 7364
25125 25078
1901 7587
21888 16690
26978 27094
10676 10674
7068 7069
3501 9652
25076 25078
24799 24275
1250 9697
5388 16271
3170 5388
7802 7064
13887 12364
5125 14814
5124 12411
2383 6405
20379 21142
4353 6377
21542 21543
8464 7799
17 15545
6937 7646
8126 7282
12379 11820
225 1430
23359 17715
5340 6000
6926 8948
8039 8037
11493 24007
17706 17707
22292 25131
15044 3888
20855 24935
15933 9419
10700 21826
18422 18816
293 288
573 571
7794 22879
6982 1767
18708 15359
42 3308
13097 13096
2522 10899
20904 10130
2578 2577
2722 4019
21207 21916
14041 11329
431 464
6414 25001
5854 3430
6537 6641
21209 21208
6896 17834
15103 12358
12429 14515
1152 12046
2171 3623
24864 24861
3018 18017
17702 2904
2271 23223
3295 3773
4993 9702
21379 18357
21224 21223
3745 6224
7767 8880
24909 12445
6486 26688
1365 3415
11827 11828
26835 26869
4169 5239
857 464
639 11124
4432 18121
9668 8200
11612 11610
24427 6699
11502 2353
10170 2668
14123 14121
10202 5101
1153 6097
20605 20289
5284 5276
19144 26869
2338 4271
26384 17669
5641 16396
11904 11903
10970 6666
9380 3717
2103 203
11106 11105
4745 5412
6018 6705
7125 26422
16128 16127
10163 7216
4425 977
3566 8157
5033 22259
898 19174
9842 7804
11934 11903
7973 16545
26835 19648
11971 11970
20315 22004
11707 11860
11507 18925
986 978
17 5317
12076 12666
6667 6188
2019 1269
10821 6290
1041 1816
20634 20710
10419 10417
982 980
20538 21645
16228 6922
11780 12496
3519 10273
15903 19405
11048 2896
13761 13758
12517 21770
4172 12006
8398 8601
11106 10192
11637 12043
3595 8992
3591 13946
9959 7291
314 1086
5028 2838
16194 7166
24624 24622
6787 16294
455 8121
3363 4404
9027 3295
7206 6829
17202 16031
6839 7072
6765 7123
2119 16617
1198 17735
7986 1278
18163 1894
8603 8602
16826 8052
6777 9577
25078 24913
11592 11640
11458 11411
24493 23213
2068 706
16319 11375
12225 12226
20566 20565
20538 24933
9632 4923
7539 7540
11752 11750
8202 15963
7337 8345
6311 7158
17345 7691
6104 1203
15978 16801
952 17921
5033 21709
4474 11394
11798 11721
18978 7196
406 405
6987 5091
5201 5199
11840 11839
6501 1670
2356 2290
1330 7556
2443 2444
16828 20475
4746 15357
1216 5993
11005 17575
25204 25802
5344 5369
21784 20447
11172 11043
17956 10194
1345 5033
1359 8903
11130 11046
3363 8163
21051 24999
12925 5739
19389 13839
22396 20947
11371 11374
7718 16886
13091 13090
9184 3739
12031 12881
3370 1908
2146 11619
345 344
10883 7355
15279 6051
20841 21927
17618 15918
13528 19214
16035 10235
14041 11397
3215 987
20504 22507
22292 10165
5153 2404
1171 10370
11749 12084
8136 8135
11637 13600
12379 2573
25067 25931
1330 17489
5204 5200
37 9101
15916 16033
7955 7952
765 3158
3301 8466
10422 10420
7693 16317
3591 2792
6982 4413
1123 14917
11258 26907
2427 2425
3894 5947
13146 15146
14209 1545
13527 13525
8234 7902
16599 16598
11979 14481
5919 6205
15371 21171
4336 293
16321 7693
6364 6363
1228 4888
25002 24997
5134 6689
5854 7015
7713 11061
17234 17230
5285 5286
7649 7104
16224 6979
15988 16565
13774 4892
4768 4767
3429 8341
676 66
6787 17167
21095 22183
4405 16729
967 19197
14067 17653
19080 22212
20788 20427
2895 1910
17220 16140
7454 5710
3742 9632
4487 1118
11518 11517
16889 26593
1236 2
4953 16840
1491 16736
3239 3238
6857 3855
17231 16127
1581 1582
13766 12076
17875 3360
20966 15077
11650 11757
6277 2004
26668 26503
12961 8121
14797 1152
25002 21051
24909 25024
25194 25193
19184 19249
11650 11649
5003 3613
2405 1628
2618 2904
5933 1268
16355 16698
17702 17940
6094 6060
7239 18162
23430 5704
1069 9822
7016 7015
3485 395
1496 6856
4820 314
3298 5938
20883 21858
20427 20824
8771 7412
1491 8360
9034 8051
6414 25003
687 163
983 979
1346 1031
21142 21974
24864 24863
10662 11383
2993 26593
4799 2254
9597 9598
5179 260
3745 6226
22311 21079
4347 4345
3653 15268
19080 15246
1215 4870
15314 20329
3653 18422
8025 6144
23312 17631
6760 7452
11465 5442
1359 23429
11239 11515
12720 12986
976 279
8873 8870
21581 21849
2577 13186
5284 5278
20975 21810
6311 6313
6667 6177
3327 3326
18745 19174
4425 6456
16926 16927
9739 16605
8007 7150
684 3261
3246 4569
4077 4726
21800 20351
25846 25845
13916 13914
24591 25360
8352 6781
6055 5956
293 4278
4224 13003
21278 25086
18730 12113
7448 7802
6018 4842
284 27355
22088 11076
22312 22310
24703 1630
986 980
4241 7695
4743 6105
12570 3377
20396 22116
11397 27363
21932 25997
11043 11064
938 939
2937 1841
7697 15080
3745 6710
4553 6883
13875 5524
6777 10384
16469 7804
8007 8560
4301 22096
992 25203
13761 13760
4412 235
14210 10883
203 5795
2004 37
20441 20438
11592 11629
13244 13241
25366 25076
1321 10331
11586 11585
4888 3318
24376 24374
11687 11637
19459 13632
3501 728
7738 7739
9182 17
20841 20493
2522 10472
11054 11172
13714 11820
21146 20311
5563 5564
8553 16475
971 540
21380 9632
19907 14209
17231 17229
11450 25172
26503 9596
21888 21887
20473 20447
16204 16113
6154 6153
6259 6206
11592 11642
11394 3255
18730 11550
7122 26731
16195 7635
3717 10165
307 4818
25834 25837
4429 6429
24934 21645
26667 9596
11723 14461
3294 9015
10202 7707
41 19342
5771 5755
7710 2405
11861 11658
6224 6225
24261 27150
6927 7136
7102 17754
3291 7145
13090 3459
7867 23973
19145 27310
7358 7359
26835 27731
4348 4346
5621 6871
3248 3247
12043 11756
12141 14277
19573 25020
7239 1894
11518 42
12417 12411
2066 7707
20615 20930
2792 4135
2819 12411
18414 6981
3742 4923
4074 9597
6867 19405
17228 21350
13052 11811
9528 17245
23430 10202
18414 22149
6926 6924
7691 17344
6313 8387
4865 19373
6538 6290
3762 12112
11814 11946
42 5822
2000 1997
11652 13079
22809 22808
22282 21076
24999 24998
342 341
16433 22176
7447 16839
9147 6828
7042 17019
25834 16643
2270 27377
6353 15225
456 1530
20699 21930
5858 1175
980 978
3681 3613
7379 7377
3170 12708
7282 7444
23661 17668
20701 20700
5204 5202
20493 11100
11890 13903
7955 7954
20012 21121
2406 2405
7973 7971
17921 17920
1278 12578
19510 21139
2571 18162
3566 9153
7456 7452
15303 20652
22259 23027
6796 8345
992 2506
2057 3833
6769 16092
5281 5277
7713 11171
14667 14668
1844 3954
26846 18443
3539 22646
67 886
25453 22949
17692 17925
25002 24999
1869 13288
16664 16665
3385 2702
16850 2074
481 17872
17234 17232
2074 16137
1790 14163
22906 20902
21933 25994
17618 23759
6027 10062
5858 5860
8877 16469
8035 22310
3843 3930
11632 3125
6238 1651
1258 2638
4387 10675
11687 14846
11472 2355
12975 14461
25846 19510
11094 11299
1278 1277
4762 6307
24026 24171
5184 3492
8406 7327
149 150
7975 10258
1058 18162
728 729
2618 17940
6385 5619
21310 20366
9368 9364
1654 18422
7448 7065
7833 4661
10202 407
22239 5782
7416 7527
2722 4936
4952 6525
10062 6025
6034 6035
4387 6258
5772 5769
12112 12113
21029 21026
18708 18612
24176 24007
1591 23213
8194 10194
4842 6020
3539 13452
12893 16475
1929 1930
27297 490
1816 17265
4339 417
7164 7548
6680 6681
7975 5023
1714 1712
25532 25540
16601 15938
12846 12845
3455 11889
22504 22695
25273 7300
18284 5236
13954 13953
22768 20755
26920 18825
7935 6240
27293 2074
1629 1237
24528 24529
2548 2675
21928 11100
4893 13
5903 1633
5177 1529
15914 16297
9624 5115
25935 1878
10420 10418
983 981
18480 18478
26871 17778
16690 21887
17232 16986
431 5837
5236 9693
21858 9994
18890 6978
12112 11550
23760 15918
13765 12044
5388 1833
19131 11507
24183 3189
10125 41
14163 3459
24377 24373
5028 2695
16641 16639
14315 12898
7204 7202
9149 22097
7484 7485
20441 20414
25193 25161
3566 9087
18991 3246
8873 8872
5284 5280
1717 1713
540 882
20653 11144
19253 18414
456 2874
12081 23325
9629 16210
6062 1760
11774 12965
24591 25362
1214 1213
696 3502
15229 15281
2571 1894
7613 7612
11476 24275
24703 1632
986 982
5282 2709
11753 11751
25362 25360
1253 23957
11632 18106
24793 8436
17778 233
20974 21829
456 18163
5179 5176
7796 41
2709 14259
18199 18198
11476 24396
4878 10883
14371 23369
16603 16602
25495 11229
16471 7586
3566 5141
1747 11488
281 4404
6368 6367
25366 25078
2066 8272
3069 1073
159 6141
288 2350
24344 24572
5621 5800
11689 11685
18775 1109
6467 6265
1479 7657
26950 11105
9125 6840
6759 6144
27751 27305
13635 13636
5028 12762
21634 21420
1531 7187
6902 16113
8464 16260
12492 14789
12380 12333
2604 690
6041 17245
12039 12040
14192 2792
20902 10130
18849 18562
20601 21021
1527 11619
15939 15938
16412 16387
20517 20798
4614 4612
2835 3484
6747 4282
24862 24861
14041 27361
16130 14193
18884 18906
11375 16318
135 404
10499 10497
7427 1947
17911 18292
12442 12406
25846 22156
14115 13818
3493 1740
25193 24974
18284 7627
10968 6666
4746 4744
3325 3324
281 8163
9380 24997
4568 8121
1947 23185
8350 13
6787 16674
17265 2171
4312 6623
25003 24998
11798 11967
3566 6806
2000 1999
339 22289
10203 23428
23210 27355
6979 9906
26605 7218
16128 9528
2279 4797
13244 11875
12220 13538
9262 9261
1253 4401
4405 7497
984 978
5867 2273
25066 25175
6585 5936
42 1515
14 5617
2513 11501
4743 5920
6018 1624
20475 25193
13903 12864
18417 972
3595 14165
961 4121
5897 2273
6772 3439
4643 4642
20365 20487
10186 8427
293 4335
5822 18085
12324 13874
2450 5860
7911 7095
24935 24934
3377 2278
20749 20369
7456 7454
26885 26883
6920 6922
9380 21051
16192 7166
149 11911
11749 14545
1985 6928
8870 8871
5281 5279
79 5207
9149 17856
6177 15401
22491 22490
20729 21006
16140 21915
1531 4893
6594 13703
25002 25001
6986 7811
15848 17313
4819 4817
481 17874
15545 13
7432 7110
14534 12986
6812 7365
20605 20603
7046 7303
12345 5544
27017 27015
8035 22312
24 22775
11189 11188
2506 20384
19249 19248
1491 9035
16470 8557
9572 9570
17872 17871
883 4685
16211 16210
11055 756
13762 13759
1171 2119
21691 16677
1228 8517
5531 13401
5178 5177
10088 16926
10061 8421
22768 21441
20438 20439
6013 6207
9368 9366
7738 16440
8629 16382
21600 21598
7206 10163
7985 5471
992 16992
12198 11859
7291 7763
5772 5771
17381 24935
23430 23896
5070 5701
7702 16638
288 2768
1998 1581
13097 13089
10662 18487
456 3318
20377 21223
6704 6101
15935 7364
1718 1712
2111 16690
16920 11371
2001 2000
5552 4842
3768 17828
895 857
3135 3134
2004 9101
14337 13343
6015 3785
11052 23223
2271 585
5646 5645
481 3203
279 6223
12407 14611
26466 7811
10970 10968
19194 17702
2068 2067
4813 15362
4878 7355
4351 6377
15951 15952
7334 9664
8602 8398
7953 7952
4878 8294
21209 21214
2404 2403
17152 7425
4354 4352
8497 882
17856 573
23225 23224
8158 6785
5134 8600
6930 6928
12709 12710
27361 11120
24377 24375
7804 23936
21042 22097
10745 3400
7739 7740
25000 24997
7877 17998
18163 2571
3400 10746
5284 5282
1717 1715
495 5837
17232 17230
20768 25133
6050 26369
5648 1479
13003 12002
6181 6180
9632 24848
11827 12076
6452 8858
11329 26846
8674 17911
6828 9145
16191 16189
20802 21189
3053 2165
6486 6641
6772 6769
4585 4584
986 984
2680 12096
27297 1928
1452 225
12893 12894
7709 9015
8945 25207
7187 5412
5179 5178
21154 9869
7857 5880
11578 11577
25347 22960
8560 6791
25997 25994
14089 14088
17229 16127
21214 9856
23225 1198
20230 20222
19090 62
20768 19080
17231 9528
10313 992
992 25207
26666 26503
12822 21887
10049 7069
14104 14103
20410 22489
17136 22207
9782 8122
20984 16116
11762 4352
12648 2230
2254 862
9313 4153
6959 6958
7003 7001
2856 149
8089 6630
11780 11697
7676 16556
7361 15232
8803 6912
11493 24176
1228 7646
19208 12081
4510 5833
18214 18053
7070 7068
18322 15371
13452 22646
21208 21206
7244 9584
12555 12043
1759 4279
15027 12411
5388 1527
23312 16388
14041 27363
11901 12458
788 786
24644 24411
1090 370
25078 14315
20702 20701
13187 2578
1237 5227
21026 21027
3566 6795
3928 12809
12326 13280
1653 1651
20489 11144
4425 6152
19426 24452
18158 15138
8294 8566
22682 22879
687 222
23172 22514
3264 23732
3430 6008
25003 25000
1491 8540
22390 21660
18956 19174
2074 11335
12411 3538
71 111
16930 13416
19090 2895
13091 13096
5025 18053
1253 4403
13675 18745
12765 11125
15621 15620
7596 16414
1982 8484
4857 4856
984 980
4351 29
23895 5704
6353 15229
12765 12293
4224 12002
23913 7707
4236 456
6940 7334
3591 11537
5276 2709
9978 5124
24017 24016
6518 1454
27157 11237
17700 27189
6104 6015
3834 3832
1151 11831
525 523
16321 16317
24378 24372
41 1642
19459 15314
1119 16494
17754 7948
26372 9920
629 351
20351 20554
7713 11054
4799 690
14888 6414
18958 13985
12406 12188
7284 10382
17466 16297
18849 19411
8223 8123
3366 1633
1182 9087
13874 14622
5278 5276
7420 6981
284 6890
16756 25182
8484 206
2919 23171
6761 16097
21214 7696
1372 8514
2074 8557
12237 13439
2103 11244
22207 21915
21278 18971
12998 12076
7585 7583
505 1237
25261 25348
11757 11755
6571 6258
41 8421
17876 17871
18717 18716
26665 9596
16475 7735
1282 1279
5432 2952
4069 5903
12188 8945
7800 16260
11183 27331
16495 15971
13762 13761
14633 4457
25131 25130
6193 6958
16130 27069
13468 14977
6867 1947
7713 11309
1364 7885
9824 2818
1321 2819
1479 5620
1069 3507
3453 13147
16058 9409
17992 21442
6781 9464
1591 24493
2484 1621
3566 3346
21029 21030
16513 4970
522 786
8335 2553
4045 17344
14185 2846
12648 3695
1182 5262
24684 24683
6303 8792
25662 25533
6857 1767
7689 17344
6311 8387
1278 13308
20777 20930
15353 18759
382 24016
1718 1714
6206 5863
11254 2270
22215 22704
6833 16312
37 3309
7986 5903
22819 22818
11859 14623
15027 5124
7948 21597
10273 2290
21307 13632
5621 11481
16101 10408
6796 6981
4425 6207
1008 10306
12584 12583
15514 6676
20649 20987
11239 11387
2356 3519
4611 4613
4709 11335
5903 9100
12047 3195
6340 3439
7706 3940
7547 16190
2673 2674
26806 27331
5439 5438
16930 10088
5203 5198
2355 2513
4893 17
12205 11890
10125 3415
1057 3644
1031 6395
7794 22190
18200 18199
6982 7265
4375 7904
12756 8731
1286 17467
25551 25799
1817 25734
11623 11619
5085 5327
11063 18866
20565 22807
9149 9148
2740 2741
6800 16269
20994 22166
17457 17458
2356 7144
11117 3274
517 6645
22456 11465
25000 24999
3628 3553
21230 22564
6705 6704
12198 12358
7004 7000
20425 20824
1775 904
1503 970
5346 5344
8570 10235
2355 11507
23895 10202
6607 27228
13021 7857
7129 21153
11816 12148
24021 24018
8388 17061
8536 9577
8936 27712
1276 1277
1921 2018
18916 18365
5955 1759
18916 5533
21600 15694
2680 12098
26651 9632
22877 21536
2792 4462
159 6132
2104 20798
1389 5540
16545 16544
16216 6920
11321 11280
24627 24622
22396 5169
992 1639
7690 7691
19081 20768
7239 2571
11055 11309
5565 9538
14085 15139
6842 7072
16320 16318
6827 26426
3742 24848
20230 20224
23998 17631
24918 20755
6127 3828
20367 20724
2487 11531
21091 5442
7125 7774
10674 6571
6188 6669
1364 3739
9125 7073
6781 8351
7863 7861
6956 8877
20849 25463
8945 25801
16452 16450
3203 17871
6876 18158
17692 12870
11652 13877
15934 9290
4515 4516
4772 16452
7530 11256
21443 21075
11052 1925
1583 1581
1261 1530
4923 24848
1832 4271
7738 14524
17382 17380
10880 10745
5773 5770
15103 14623
11971 12933
2243 3024
8335 7051
5921 5412
12648 14380
26820 17778
3895 7265
13258 13077
6875 10069
6876 15138
5322 10156
6432 5298
9978 3595
11388 27228
3125 5253
3291 15085
20373 20356
826 154
13448 4462
1715 1713
26304 25189
20378 17438
6796 3895
12439 13280
25802 25207
1365 9184
6797 9489
9207 9208
25003 25002
6538 6525
20978 20291
6340 6769
16128 4163
992 7626
7365 6977
4820 4818
1212 1213
14103 11610
5855 52
203 4433
20472 22819
1409 1269
13091 13098
7113 7106
7713 11043
10970 6019
984 982
20653 20652
5280 2709
20413 20411
20372 20373
1276 5062
20289 20604
6857 4413
7166 9598
1790 13096
13144 14277
15128 12427
4474 3255
9876 5115
19356 2356
1491 6798
6344 4952
3453 13002
7446 23359
24378 24374
26503 26664
16321 16319
18207 8979
7854 9598
455 15513
24130 24797
11704 12965
6504 5843
728 1527
6366 6367
7556 17488
11861 12390
4844 3589
41 10396
3294 16513
17786 21350
8674 17860
20642 25845
1694 6231
26667 26664
13975 10246
976 5951
16826 5995
1153 1154
27356 23210
4134 1628
71 4798
17779 1833
25131 44
16821 16655
307 315
14661 14078
22676 22661
25363 25361
2067 4584
1759 6417
798 19248
6769 6770
7015 6008
5647 5646
17876 17873
17923 952
7992 21680
8158 8157
6800 7022
1197 17681
8781 8779
7360 7359
12282 12258
833 896
19311 19312
2020 1920
6045 6042
4768 4078
20332 9952
6979 7374
16130 22641
11187 98
5704 8903
5288 3326
1060 3689
8570 16035
27242 2533
12527 13903
4278 4335
13133 14881
7123 1767
5674 7684
12492 11815
17941 2904
17228 17786
1380 7952
13091 14066
2226 2496
24798 19014
13728 12142
3525 5158
16388 8360
7718 8184
6608 6397
13975 12019
51 1287
7547 7548
22808 22806
1718 1716
24165 24470
19144 27671
5858 6579
1481 1480
7284 9834
6414 24998
7366 7365
20891 21569
24798 24275
11639 13575
11706 12582
7386 8017
505 5227
3205 2564
8397 16857
21364 3709
507 8979
21465 6730
42 2729
959 4121
24017 382
12683 12685
12411 10011
4641 4642
5388 1947
1069 2717
11651 13935
3566 16664
7397 8906
9146 9145
20670 22337
22282 24291
9270 3024
20773 20772
3671 98
26688 4952
12969 12345
16828 15303
17988 5836
2274 203
6937 26570
1020 3555
20490 20541
20314 20315
13454 13447
24684 24243
24918 21441
7004 7002
12017 12019
3053 62
8219 15938
27356 284
7574 4351
4972 9306
11584 11908
132 11387
12227 12014
9278 9277
11687 3927
7767 2716
5062 2820
18562 19411
24021 24020
17755 21597
9620 24963
5086 14962
11509 8472
8495 8494
7411 3956
15953 7101
6787 17338
27363 27361
798 1920
11744 14381
6837 6838
1515 2729
3793 4278
7206 10088
6800 4970
3387 20300
16216 6922
6486 6537
6021 6666
24627 24624
2474 14331
21885 20645
4762 6476
8511 7842
7427 6007
6344 6538
13338 15621
5855 5852
9506 10056
11724 11756
12648 11912
2517 17828
20276 20278
20289 21974
281 3363
8629 7689
2487 24715
1321 5091
9636 5039
4744 8916
17345 7688
6504 6503
17873 17872
20426 20343
11596 13799
8821 16382
16603 8219
6049 6633
13187 13186
1334 5151
6765 26731
26462 26461
6127 3254
26462 7213
11596 12523
21974 8928
6840 6839
17992 21620
6538 26688
1153 6015
25834 26074
5439 1870
16471 10170
2522 6521
5156 8163
2343 4075
21364 3522
10577 12022
17636 6911
3345 7497
478 13689
12448 3290
20511 573
12881 12217
11852 14556
20224 20222
5773 5772
24266 27731
25226 25558
2405 7289
2405 5074
1269 7250
4337 2768
1730 1192
9147 9146
11476 18591
11375 7693
25734 25735
11502 2513
11658 11657
824 3601
18162 1894
135 3793
1816 2171
8992 12426
5322 3742
4707 6364
11646 13525
1028 5996
21673 2533
345 341
7345 17052
5955 6580
8876 7003
18976 16757
3665 3664
20906 21989
356 355
27266 27265
961 960
6797 9491
9842 16137
6704 6294
1485 10005
6179 6180
444 5837
21182 9506
3002 2273
1770 5973
6340 6771
1531 1261
1365 10125
15666 1330
11815 12556
3828 3254
5204 5197
16503 9411
10422 10417
20796 25133
6146 1694
10970 6021
1233 13288
1182 17938
8476 8294
9892 8387
9874 18132
268 11101
1790 13098
2027 12516
6308 6307
1630 4249
9857 17670
25203 25802
20855 25834
13953 5228
18284 3566
2423 9483
24378 24376
20770 20771
455 15515
1531 456
17229 9528
23760 17618
202 20667
7556 17490
6800 23105
8036 8035
8553 16404
6110 5891
3742 19415
7251 6008
26856 11370
8288 6041
9805 3493
5062 14781
26667 26666
2604 267
20796 19080
4346 2267
11040 11058
3595 12427
913 420
1215 1216
13021 12357
7110 8341
5673 16776
20894 15077
6486 10914
11685 12149
26822 27075
8544 16826
10676 10673
21307 16643
6254 6326
17876 17875
271 15303
8976 4405
23990 24859
13141 465
6344 6485
19033 18956
2661 6641
2578 13288
17941 17940
10160 12944
1628 5074
6476 5328
6772 6144
79 2422
5285 2384
18428 1705
6045 6044
8035 18238
25474 25473
2450 6579
69 3131
4387 4388
5918 6205
22313 8035
6038 6041
7581 17509
23430 23781
22292 25130
3595 5327
5078 7396
1069 8880
4278 4337
5847 6446
21512 20966
8192 7985
20954 22661
1770 4726
37 38
5002 3321
4224 4222
1714 660
27323 780
26869 27671
10158 4401
8688 8687
14798 3723
6937 2639
12229 14453
1481 1482
20382 20755
1253 9697
23896 10203
431 463
15014 11834
19356 13714
25175 16643
4855 4856
163 685
24864 24860
1730 5340
13771 13840
11706 12584
11837 11835
20947 12283
4347 370
629 1094
11774 12947
11612 11609
20642 22156
19223 15147
495 232
7444 8081
6931 8728
2338 4270
11904 11902
12019 11889
2312 2820
18730 18634
2103 202
14888 44
1668 1671
22154 16645
11774 12960
21208 9856
6310 13871
11393 11053
3566 8156
13714 1655
7973 16544
69 595
1670 17703
4700 8728
4819 314
5854 8114
2526 6024
1438 15330
7802 26461
10202 19342
18812 219
20605 17497
26035 21139
7627 7626
11586 14723
10061 23274
3069 8
13627 12101
1321 12422
2594 1849
16986 6041
7016 3429
2792 3527
798 19184
21004 21006
12492 12556
12358 12327
9182 14
11903 11932
21810 9506
9811 11970
18566 19131
6765 7122
11061 11064
3051 18811
11890 1726
13252 11907
25474 25407
5855 5854
8126 7444
20645 10119
16101 6829
18210 5617
13915 13914
314 4818
9849 12383
20894 18407
12365 14006
13227 14708
9916 26373
1642 10396
5078 5115
9475 8880
4778 6580
22429 8036
8106 17715
11147 756
1069 7767
12851 12852
3130 3131
7710 2402
17345 7690
17924 17920
4970 7918
1266 5800
2379 11076
952 17920
15512 6676
20683 20681
17956 8194
1779 5540
9182 15545
17384 7739
12198 4457
8674 7676
7137 17156
14524 7740
23210 27337
5680 5462
5201 5198
2448 4322
12229 11125
7425 8699
27166 17066
2402 2405
3566 17526
14114 14113
8976 16729
25204 25801
13416 16929
9197 25773
7528 7484
16128 16986
22215 20898
12398 2838
11721 11715
21051 24998
2445 19377
11646 13527
4413 1947
13091 13089
1269 728
5388 3051
6787 15972
6035 10483
13760 9168
16827 20491
1261 7145
20267 1359
1190 2017
3148 3147
11637 11613
17856 22097
13452 3538
20538 22504
7899 7898
11787 11786
15080 4241
18910 10662
22347 25231
4878 8476
1633 4923
21208 7696
4864 4865
17873 3203
5204 5199
956 2954
21645 24932
11667 11613
16828 25159
3265 3264
2111 22604
7526 16324
8963 5674
16724 17639
3709 20947
23998 16388
15353 19194
11762 13018
12043 465
6141 6132
16930 16926
3264 2517
3566 5070
11495 15828
3238 6665
1216 16396
3742 4249
9874 9624
7487 6102
19175 972
10192 1568
17876 481
992 409
10202 41
806 13236
992 10208
21195 8349
2020 2019
16857 16424
21064 8051
21228 20954
1411 6112
26835 24266
3326 5623
370 3930
2873 2874
5085 13454
6800 16812
6098 6677
12574 5483
7574 7575
15934 6771
1876 19128
22292 24998
13185 13184
6979 7365
23568 18106
6765 8345
8869 6789
8272 4584
16479 7739
6021 10816
407 5101
25311 22960
6041 16127
7550 7568
12324 13306
1947 11316
23990 24861
3239 3237
19175 3321
7819 8924
17228 21039
19359 19357
6314 6315
20382 21441
23896 8903
10237 25207
10079 2404
8464 7800
19184 19248
19894 25006
16091 20667
8039 8038
16509 16225
5053 20695
1624 6246
1718 660
5938 6041
7581 12263
11889 9126
3976 3974
7670 2398
3595 15128
2944 6981
16453 16451
6902 16297
25149 15303
1216 5229
834 734
2944 22149
2146 11552
7106 8075
7104 9463
1531 3291
5853 52
5903 1630
12528 12802
1718 5332
6513 6514
26661 3965
5907 6704
20577 25133
2355 5660
2484 1869
24864 24862
9367 9364
13914 13891
19238 18275
20442 17482
16216 16228
11518 2443
11600 11601
11827 14044
13147 15146
26835 22898
41 5770
13506 13507
41 3555
9874 5115
16298 16297
2103 6728
570 637
12293 14453
20495 11077
495 11080
3598 22097
4519 8184
14123 14122
19966 11258
1359 23428
444 417
21212 21456
4134 385
4163 6041
20873 11144
7968 5730
14242 15884
3886 12822
684 3260
16600 15938
26665 26664
24963 25231
9824 7980
2011 2012
27191 19540
1658 2419
3653 18892
21969 21970
2023 2022
1253 7968
26122 15246
986 979
2487 18866
922 1223
14025 3589
17345 17344
17710 9629
10109 1854
10419 10418
1389 10902
17231 16986
1409 1920
11830 14533
6340 6144
1237 2402
2461 9135
17617 17695
17338 16294
16603 16599
21142 8928
2020 798
11780 11679
2018 1920
26669 26503
7627 21520
20586 22481
16921 16127
5388 16664
24376 24373
9816 2517
18354 23973
11054 11171
2838 12397
2086 13287
26668 26665
12510 18735
21935 22456
7107 7053
1639 409
22190 22682
12751 11856
3785 6205
20905 21537
6310 6665
4425 6013
6956 6776
7969 7876
1496 15528
307 4817
9959 7763
27327 27361
7309 7308
16510 9860
1479 1480
23429 23428
200 7320
17924 17922
16503 16502
5234 9915
4336 4335
7364 7365
2937 459
6777 7605
2021 1921
16503 6824
1628 1172
4348 4345
3745 10697
12367 1262
5169 8924
21340 22646
12259 12282
728 4069
5201 5200
18810 18809
11269 468
26870 26869
12099 13232
4312 83
20975 20683
2797 18478
18158 15362
4746 15358
15988 16298
6914 6913
1365 1364
585 11052
11610 11765
3695 14380
1095 26349
7136 8948
9149 3598
27293 26864
13871 6665
3345 17421
21051 25000
11652 13078
22809 22807
12293 11125
8245 2818
992 17418
6171 6172
342 340
433 687
16091 16547
7042 17018
124 117
15147 13975
26795 24493
5858 2450
911 2419
3264 20586
26809 2965
14371 23287
8004 2059
23224 10109
1216 1217
1790 13089
3218 13236
7427 17475
824 5833
4134 3594
8544 8052
4707 10811
11374 11097
5204 5201
1364 41
8487 7023
7265 6981
3887 12469
16828 25161
15371 13696
18226 3737
11905 11901
2427 2426
728 6889
26885 26880
27165 27163
12002 13002
44 10165
2207 1376
5281 5276
16930 16928
26651 24848
6461 6489
3773 16396
5853 5852
16312 8369
3742 4251
25002 24998
3308 1515
307 308
2271 11052
481 17871
6930 1985
3566 992
14212 15147
4878 14210
4387 10674
5772 5755
6780 6777
7676 7854
1278 1276
14122 3482
16601 8219
22292 25000
5388 17779
12 27205
1069 3502
6812 7375
25115 8794
3699 5964
16902 15916
25544 25415
6620 6616
23990 24863
2146 6051
6344 6489
11979 3181
4878 26466
12793 19384
4140 27025
17381 24932
7043 10398
7054 26735
24621 24622
6461 2314
8166 3264
21311 26309
8476 16258
11814 1020
3742 5903
8521 10258
2103 2274
1731 2402
2001 1997
6406 23410
149 1788
1327 9637
20947 3522
3493 17886
1563 1771
12687 12555
4301 16110
29 4352
7239 18163
130 4700
9015 7918
8156 8157
14252 11660
8674 7854
8540 7625
4820 315
27326 27325
19510 4844
971 970
279 2140
17384 16440
17578 10267
5202 5197
22765 22819
10420 10417
961 11744
2888 10555
8762 8761
7751 17799
9367 9366
948 7789
16828 24974
229 225
13765 12043
18422 19411
41 5772
706 19223
24614 1654
8540 9035
11258 11085
5950 6645
16641 16638
27712 17467
435 185
21935 11465
1717 1712
4953 5674
16604 15938
11578 3748
2355 11502
26663 9624
13975 9126
3149 3146
13916 13915
7530 23936
18858 24650
4029 7625
24591 25361
1658 2421
12946 14848
1214 1212
7342 9592
8391 17061
4005 4006
13776 12336
21064 9034
7767 9475
135 4336
22312 22311
3207 11610
13454 13453
2443 24460
456 18162
20883 9632
20538 22695
13448 2792
16828 16827
17564 24331
2384 3585
11279 11278
7970 7969
27326 11378
8674 18150
7738 16479
20336 5154
1767 7265
1411 3954
16603 16601
992 25204
4308 12422
464 5837
455 10447
7361 17431
1198 1860
3345 5141
3455 13903
7794 22682
6368 6366
1116 6665
7738 7740
20727 4931
3034 260
17487 1493
25131 3717
21646 21645
8794 12445
8976 7497
9207 17458
26668 26667
2937 7911
17231 17230
6806 5141
7627 409
16057 9500
2599 453
26960 15700
2036 2033
27108 780
19074 3740
17220 21915
12017 9126
1528 1519
1624 6411
2680 12577
19080 26122
11052 11369
1902 7587
282 19513
3865 2645
25087 25086
16479 16440
18769 7426
3762 10811
17700 21212
20442 20438
18836 6958
15939 15937
7710 2406
1278 3680
4614 4611
5340 3254
2549 3089
11979 12109
8484 18244
24862 24860
6956 16698
7264 10398
9380 10165
16503 7055
24625 24624
20012 27162
856 429
11375 16317
17872 3360
456 4888
7539 17692
26462 7448
4348 4347
27040 11397
7981 7982
17998 9363
12043 11757
2231 420
21711 5033
25001 22292
4074 9598
16212 9629
4746 4743
444 232
7095 8653
23430 10203
71 18417
21042 3598
20476 7122
21228 22676
25003 24997
7680 21357
6521 2904
1330 1493
3345 6806
12001 12002
4240 4238
16921 11378
11926 11599
10202 8421
1925 23223
3429 7150
1278 14781
16828 25150
4074 7854
911 2421
15103 15102
5795 2103
12198 14623
1790 13091
980 979
20699 468
26461 7064
7379 7378
20988 20987
299 995
8903 10202
20427 20425
1389 15147
7877 18171
1228 26570
7819 5169
10079 12757
10674 6258
12198 14515
5204 5203
4643 4641
10202 8434
5229 15813
14124 14121
16827 21555
24852 11164
6927 6924
2856 5544
22379 9588
518 517
24935 24933
13898 14074
11905 11903
7456 7453
23309 17631
16194 16889
3366 1630
2767 2991
20538 17381
17482 20439
41 3746
6777 3903
21311 25935
25227 25226
8158 3709
5281 5278
11824 11685
25003 21051
7713 11172
1657 911
271 20652
13133 1789
11059 11064
5660 11461
2271 27377
10202 23952
25002 25000
3762 11550
3249 10736
3249 6306
481 17873
6912 17660
20895 20893
3977 3975
6606 1109
2716 4759
6812 7364
6214 5954
8035 22311
12870 16210
5540 13328
10423 10422
4387 10676
11315 19405
9419 9290
16382 7689
20841 11100
3203 5907
13762 13758
11637 14437
26694 8200
5076 21222
3295 17510
9653 9642
26877 26832
8543 4408
5234 7515
20725 20724
5184 3493
1198 23391
13416 10088
2874 5587
3595 24568
9368 9365
3566 2404
9649 17457
18769 22528
7320 17094
11642 11640
17381 24934
10205 12198
11707 12294
1278 12366
23430 23895
