28085 1480
11128 11046
15574 15570
6606 11307
27152 24160
6108 5926
2944 21057
11971 11707
6109 5927
9859 9207
294 1390
19552 521
16125 9414
11862 11656
20935 20933
22574 22575
16492 9207
27021 11294
267 2312
24384 24630
6794 7054
3179 11137
9583 11724
454 453
20577 11137
24634 24633
11418 11327
14913 4295
8497 1110
21068 22113
24635 24634
7291 9414
4774 672
12822 26843
1012 27288
19605 11656
17351 16242
15419 10554
9324 9756
21674 15628
2680 12900
26941 26940
17104 7510
24402 24632
939 2170
1575 53
11656 12035
19884 10554
16124 9561
4542 937
15574 15573
2602 2601
20780 22482
22577 22575
22049 22047
1502 1501
4541 4540
1069 23985
22578 22576
21286 20712
1162 5453
1694 5234
16492 16493
5846 272
9414 7447
21040 8943
20495 20749
1719 20166
3100 230
11401 11242
7604 7770
16125 16039
20578 11105
2944 23373
4542 4189
2583 470
11147 26907
11418 11042
7156 2632
11418 11307
4544 4541
26922 27195
24223 24224
7291 16039
24774 24772
4189 902
16196 16197
12291 13717
1008 8624
20124 272
17350 16226
4986 55
21775 22075
4986 2764
24633 24630
3896 397
27168 26824
2004 11406
3100 11717
16139 16988
6581 6327
26773 5887
11203 756
27189 20503
20577 490
18882 25074
25332 27534
4044 1584
22227 20757
16242 17350
6106 5926
13032 2680
17084 11137
11429 11168
12766 14840
2245 6606
16388 7991
20524 22189
4014 4013
3566 16197
27906 8084
4015 4014
11215 11216
2600 4825
24276 19134
20168 20167
27948 9779
26922 19820
11179 26812
20078 3542
12008 12141
17076 21295
16298 6920
2337 1719
27021 20886
15911 15901
6109 5926
27654 26922
26957 20578
4852 6191
19882 10554
10456 272
4540 937
12544 12543
17165 16919
14227 14228
20396 21068
5927 5926
4541 937
288 6836
950 948
27950 9779
10026 25426
6754 1619
5960 5959
16062 9779
20577 3179
5062 3125
455 453
7178 491
21832 20553
11189 20579
13193 13194
24635 24633
27767 9290
11306 27665
13331 12081
10955 10554
13033 13034
4540 4189
24628 24629
16120 20436
20426 16120
18772 11280
4541 4189
22483 22482
15574 15572
2430 11713
19885 10554
4543 937
15684 12936
24005 7445
1502 1500
4541 4539
22578 22575
13061 11717
8397 9414
27401 26973
23373 6981
26953 22761
24384 24632
16448 1560
7357 8301
27950 27947
847 350
13032 14111
11230 11050
20743 20742
2684 2687
12829 14462
1560 26974
4543 4189
11780 13933
24631 24629
20764 25230
551 6107
13602 13603
4134 3653
20935 4301
234 1862
9937 14078
16139 27362
20579 20472
3666 4423
4189 937
11214 2014
7510 7975
21821 25074
12900 12899
4156 6272
4543 2337
20340 20836
13257 24427
1564 1563
17105 17104
7253 26376
12634 12635
26243 26244
13106 8164
52 6148
4156 10823
7581 8156
16052 6811
10824 6272
13161 11599
9659 4140
26820 26935
9661 9662
8397 16039
18214 20135
10824 10823
22227 22068
24372 24373
18615 6191
11242 11112
6256 2522
4015 1183
26941 26824
9785 17174
6429 13933
26957 1928
11186 11296
4543 4542
16990 16991
435 650
21395 17084
4544 4543
4015 4013
26824 26774
262 435
5957 5958
1012 19506
22847 20599
15011 992
12033 13015
2601 4825
17084 15700
20576 11137
490 11180
24813 7445
16851 17298
6429 12899
27949 9779
8775 8512
24872 3595
17174 27787
11293 11291
5838 3800
16388 6956
24633 24632
23987 11280
27189 233
17044 11318
4042 15765
6905 27767
11265 21522
846 733
27441 25416
20498 20499
13032 13034
2363 1110
18511 23857
5789 12780
23256 8594
26822 25937
15628 26843
16039 9561
17646 26941
15947 16388
6294 5453
7769 24142
12899 11808
2342 354
24271 24414
27950 8008
5960 5958
11129 2363
25401 25541
17103 7975
21479 21480
9561 7196
16597 16245
4044 4043
15799 3927
1597 2721
6811 15901
22157 21287
20500 20499
455 200
6920 5492
27032 24160
11293 11114
27442 27441
22761 21522
6108 6107
11129 11128
22228 22227
26518 7207
12998 13906
4544 937
3494 98
3927 12897
18484 18617
27349 22761
1560 573
8649 15901
27758 11180
12728 14432
7435 26708
1389 14202
24547 24545
8497 267
26399 8624
2600 2602
26518 26517
490 11137
20904 21247
22047 22048
26847 26957
245 12394
19883 19882
24631 24628
382 2685
2229 192
4544 4189
24162 5612
1719 4407
1702 1694
22318 22519
1458 925
8564 10069
20576 490
4156 15419
20995 27534
5933 5957
19559 26974
19864 19882
553 5927
14455 14456
20995 27619
22441 27671
3109 3107
20660 20575
24349 24254
24166 491
11062 10781
24881 6480
22578 22577
2230 4721
27713 20938
19864 10554
11483 11484
26847 25635
11494 11493
5612 11217
25631 25407
24384 24634
3894 26399
15979 15901
7357 8303
27950 27949
1932 11271
11391 267
435 1719
15911 8649
1183 4013
19699 18228
9414 7196
19883 15419
19855 2754
19853 2601
27104 2004
1516 79
27318 20659
135 272
54 55
3112 3107
22777 22776
15569 15570
4544 4542
15419 10823
11930 12279
24774 24773
26808 26865
11652 12563
4163 8084
55 2764
17372 15901
27318 27052
12859 11960
20576 3179
21422 21809
21775 22076
16124 7291
11128 2363
14462 5436
24633 24402
4156 10825
26935 15628
20167 4407
11297 11296
24065 24066
16125 7291
15924 17100
1747 18511
13032 13033
10824 10825
855 853
26472 26492
27948 16062
553 551
11318 7424
589 590
11717 11716
19606 5436
23257 8594
23042 21092
18433 560
24271 24413
25420 17597
12822 26935
1928 11137
6905 9290
17279 20659
17104 7975
26500 6794
7207 26517
4825 10650
16492 9518
19559 16448
2602 10650
23981 19074
17279 27052
855 13495
4774 2583
27442 27440
6108 6106
11301 11419
1001 524
12900 6429
6109 6107
1012 25528
973 11164
21044 17371
15572 15569
26772 11179
19839 2600
14256 12859
4852 18615
8649 6811
4495 4493
11418 8497
149 12564
2600 2601
11254 26861
5062 12575
490 3179
1500 1501
27758 490
455 454
11203 11210
19074 6157
19559 573
17104 17103
19884 19882
5961 5933
3109 2720
11189 20472
8497 11390
20612 20742
21640 26926
21922 25937
8775 6989
11041 11390
15575 15569
15846 10290
7416 16777
20577 20576
8327 16814
18037 925
272 58
3110 3107
16535 7510
16125 9561
972 60
2253 8410
27729 25937
24772 24773
16448 573
23985 23984
11571 15653
24384 24633
11041 2363
2680 13034
11307 267
5919 5926
27950 27948
1575 1090
7291 9561
3112 2720
13061 3100
11571 3207
24631 24630
19884 15419
69 2312
24813 24005
10955 10823
10650 3542
3113 3107
27724 27654
19864 19884
11211 11050
7558 7559
11041 11249
11257 20407
11994 15718
19746 765
16001 16030
19606 14462
4156 10824
26833 19960
4543 20166
1747 1572
27152 27032
16625 294
20168 4407
7731 8775
16124 7447
11257 15810
19883 10955
16258 8084
16538 7500
4014 1183
11257 26957
27949 16062
16125 7447
15635 12544
21366 21367
26820 17559
2720 3107
6107 5926
19887 2600
3112 3109
19864 10955
22414 21643
11401 11114
19883 10824
20934 20933
4289 4290
4140 10726
7291 7447
142 3445
11832 13700
20668 20669
26491 6981
21152 20904
526 523
16052 16493
11293 11292
24634 24629
5959 5933
21674 26843
8397 7291
6109 6106
26808 27194
15573 15569
24701 12996
4495 4492
12855 26957
23256 8595
15908 22203
9236 16060
21674 26820
25294 26198
5927 6106
24271 24415
2343 2342
11813 11812
23857 230
6981 20578
19885 19882
149 15056
27948 27947
1389 12034
3110 2720
19696 24003
11320 925
27949 27948
19882 15419
19839 19887
4825 20078
7416 7386
4986 4985
20762 21295
2602 20078
11185 98
3666 2421
16792 16062
27021 27305
2944 7769
11327 267
26121 17371
3111 3107
2680 11780
1008 26399
17646 26824
20933 4301
24350 8720
22576 22574
3125 3126
24547 24546
10955 15419
17105 16535
26820 15628
17351 17350
2524 6256
20379 20380
27401 11180
19960 26812
22482 20436
4868 288
24548 24546
21902 20764
2245 11307
5174 5175
21902 25230
15921 15966
3113 2720
26847 20578
20166 4407
20780 20436
19885 15419
26833 10471
21152 21247
6109 5919
1862 20937
15947 6956
20485 17076
5933 5958
2245 2244
21902 17479
25861 20375
24635 24384
19864 19883
20167 1719
15575 15571
11418 267
7447 7196
16413 6956
3109 3108
4825 3542
1721 1722
11780 12899
26824 26843
27401 27758
4490 4491
17243 25126
8397 9561
2602 3542
11257 11137
22243 21950
6920 15910
11249 1110
27168 26774
20780 20426
26790 11137
17479 20764
2680 11724
12900 11780
11291 11292
11297 11186
26289 26926
10825 6272
9778 7394
27947 9779
1584 1585
3927 14046
19884 10955
20938 27665
17597 27442
26492 6762
5846 58
8015 8016
3866 3864
15635 12543
12855 4165
27950 5970
19883 6272
2421 4423
16652 19427
10955 10825
3112 3108
7357 15901
853 854
4494 4493
3113 3109
11401 11293
25332 25331
19883 10823
27157 22441
4539 937
5436 11656
24235 24236
19884 10824
6062 2175
17076 20486
27948 8008
15659 15658
21395 15700
16052 16492
12270 11831
17165 4878
24634 24628
12372 12373
938 8
24635 24629
19864 10823
7731 8512
24114 13257
26122 27305
26838 16141
27654 10248
433 2172
11859 11860
15911 6811
21294 20735
20124 58
8303 8301
15597 11724
855 854
1706 760
27442 25416
25534 25535
8397 7447
20813 20812
17486 15908
25399 25118
26957 15810
23257 8595
3894 8624
8025 5854
21477 20828
12900 11724
60 4941
16062 8008
11960 14256
26847 24281
4290 19182
8016 8370
9858 15970
20168 4543
27401 24574
15963 6811
16554 7581
27949 27947
26289 22718
3111 2720
26957 11105
26847 1928
972 382
20661 20524
6990 16474
6109 6108
3972 4189
11231 11211
15572 15570
21950 22318
2524 2522
4495 4494
11201 18772
21674 12822
20934 4301
27302 26922
1928 26790
5961 5957
1928 11105
12073 4041
20649 20648
16460 16652
24548 24545
12270 15580
22483 20436
16792 9779
10456 58
23987 18772
142 8482
18195 20635
27401 27021
19884 19883
1578 1579
22637 20350
21306 21304
19885 19884
18639 25635
27401 490
10823 6272
17348 16188
16039 7447
20612 20743
19882 10955
10824 10554
15909 8649
16298 5492
2363 11046
12033 23314
553 6107
15575 15570
20774 20777
2518 79
27654 4440
20168 1719
7317 3595
25411 17586
3110 3108
11138 11136
9860 9207
11201 23987
2013 2014
9456 16405
1090 53
27052 6362
14462 11656
71 18620
3117 3762
24882 6480
27237 27397
56 1229
11713 11164
5919 5927
2337 20167
11494 19378
1503 8192
11440 19263
16792 27947
24343 24344
16448 26974
19885 10955
11661 12177
20485 20484
20886 11294
19606 11656
15419 6272
3117 1151
3117 12936
10955 10824
11249 11042
12822 15628
14255 11689
27440 25416
25271 25643
19884 6272
11363 1795
4494 4492
3113 3108
16124 8397
19864 15419
16538 7282
16832 7500
19864 19885
382 221
11137 20407
5612 806
262 650
19604 5436
11485 3068
20672 21901
19884 10823
16125 8397
1389 11571
7785 2763
19885 10824
10955 4156
4542 4540
11265 25552
24402 24384
27949 8008
20495 20668
20168 2337
24635 24628
24842 24841
909 11320
4868 1942
20762 17076
4543 20167
26245 26243
26772 26812
12646 12647
3117 11578
27654 22441
2600 10650
20503 233
2176 416
21902 21901
11265 22761
20813 20811
24268 230
27318 17279
22718 26926
24054 24595
16124 7196
1151 1152
14840 8783
25411 3893
3566 8156
3112 3110
11390 11249
27906 16258
16125 7196
19883 10825
5959 5957
12781 14259
17351 16226
25406 25403
27186 863
12356 497
21446 11318
16535 7975
24402 3068
24881 24880
14030 14031
8794 8793
24238 18772
24634 24630
2894 1180
25402 24767
12564 15056
23256 23257
11780 6429
24882 24880
19864 10825
1204 12781
13546 13545
7291 7196
20757 22068
14768 24698
15947 16413
9414 9561
22441 10248
10554 6272
10690 3838
20484 17076
15573 15570
24238 11201
24402 24629
13033 2680
24413 24415
15914 7991
5927 6107
27052 20659
3108 3107
22243 22318
16124 9414
14462 2684
9858 6811
13481 11707
25478 25534
22817 25070
20650 20648
21481 21479
16792 8008
6811 16492
10650 20078
19885 19883
55 4985
1719 650
24238 23987
18511 230
13626 14174
9300 16625
19606 2684
26820 12822
7357 8649
60 382
15684 15777
13257 24785
7862 455
19882 6272
11041 1110
3111 3108
26973 20886
3100 24268
19882 10823
22576 22575
11327 11042
5919 6106
11327 11307
2944 24142
2337 20166
8396 16697
5961 5959
26953 21522
11971 14612
21314 20366
24548 24547
26935 26843
262 1719
10955 6272
11329 10162
11210 756
3566 16554
16124 16039
2684 11656
21057 7769
14051 4490
8497 11249
20501 20499
8784 8569
26289 21640
19885 6272
11694 14087
10823 10825
15575 15572
27947 16062
5927 551
12899 13933
16125 16124
1721 1723
9518 9207
19605 5436
22441 4440
19885 10823
4542 4539
11265 25551
5912 5913
21674 26935
4543 4540
20352 20353
25574 25464
5970 16062
11494 11495
831 734
24254 8720
11995 15718
2229 14593
6091 2244
69 267
3207 13902
13033 14111
12847 4041
21640 22718
2601 10650
4709 4140
24632 24629
18228 19698
11320 18037
16792 27949
11390 11042
20661 20712
26862 26861
9324 7197
2684 5436
6107 6106
16625 1390
20426 20436
11230 11211
4043 1584
26472 6762
15571 15569
15419 10825
1204 14259
1389 15653
3113 3110
14462 19605
2944 6981
3614 14094
8025 26425
16777 7386
19884 10825
9395 3298
192 14593
3921 4573
24591 7433
21950 22519
2997 15479
200 453
19883 4156
12549 12452
24635 24630
19864 10824
19606 19605
20167 20166
24067 24065
3800 1816
5960 5933
3108 2720
6761 16950
22228 22068
26834 19820
22203 25013
8303 8302
24402 24628
25013 27442
24384 3068
11041 8497
11364 11365
19864 4156
24413 24414
8497 11327
2600 20078
15574 15569
5854 26425
681 222
26289 26907
11241 11272
8397 7196
30 641
24384 24629
24545 24546
3211 3212
17103 16535
2602 4825
25013 17597
11493 19378
24881 24882
15651 15658
16627 16956
24634 24632
6316 6317
22423 20841
21922 27729
27157 2271
12417 14105
1747 230
19559 1560
847 733
1928 20578
15572 15571
17243 17202
2524 2523
2764 4985
3125 12575
26862 11254
15573 15572
11042 1110
11407 10656
24402 24631
26934 23373
11257 8762
16195 16000
4543 1719
24103 806
4540 4539
11995 11994
26812 10471
15684 1151
7581 3566
5961 5958
22577 22574
2600 3542
21389 20688
27171 20697
4041 14245
24841 19466
5388 8576
1069 23984
11306 20938
8497 11042
9325 9324
1584 19819
8497 11307
22075 22076
26502 26501
27669 19145
27157 26289
11041 11042
14908 14907
8794 4970
24630 24629
20501 20498
24349 24350
27724 27195
5846 10456
26491 20578
14046 12897
12900 13933
27948 5970
3110 3109
16039 7196
24718 24719
15948 25508
3111 3110
4543 4539
24103 5612
11694 12931
4492 4493
4544 4540
19882 10825
17479 7438
26500 7054
18882 21821
15947 3298
21079 21247
11762 11875
20645 20646
5919 6108
17479 25230
9860 9859
21775 21773
17586 3893
5846 20124
13416 1753
27671 27668
24632 24628
16792 27948
24633 24629
25331 20995
9325 7197
19699 19698
20649 26142
8301 8302
12298 14083
5970 9779
14462 19604
13739 11661
9890 17298
10248 4440
8836 14854
20811 20812
15575 15574
24350 24254
9659 10726
27362 16988
27157 26907
20672 21902
19885 10825
4542 4541
16039 9414
19864 6272
16653 6833
4878 16919
16298 15910
4189 4539
11293 11242
79 4134
2518 1516
20495 20669
21286 20524
4849 16748
19606 19604
26245 26244
19884 4156
11201 11280
14051 7479
27401 11294
21773 22076
20599 22074
2684 19605
15970 6811
22243 22519
22483 20780
18736 18737
20168 20166
14840 1753
4970 8793
20780 16120
3055 2600
52 3864
24632 24631
11780 11724
9779 8008
3962 1476
8784 8008
2601 20078
5970 27947
2522 2523
11950 14126
24162 11217
3112 3111
26834 26922
3866 52
25551 25552
3113 3112
19204 19205
24384 24628
26820 26843
24349 8720
5959 5958
20629 20366
8783 1753
16388 15914
3209 806
12291 4224
17104 16535
27171 26929
16413 16388
24634 24631
11265 26953
24634 24402
573 26974
26500 26501
4134 9270
24635 24632
22243 22486
8487 16226
15573 15571
24402 24630
20524 20712
24373 15712
11114 11112
15574 15571
22441 27668
25659 19338
6108 5927
2363 11213
10456 20124
15659 15651
25478 25535
22578 22574
2601 3542
7692 23705
20650 20649
17105 7975
4005 4006
4156 10554
21481 21480
11493 11495
24842 19466
15911 7357
27104 27243
6811 16493
20935 20934
26502 26500
24384 24631
25528 19506
2337 4407
6480 24880
10531 25793
24630 24628
11989 973
2004 27243
11129 11046
20421 21593
22847 22074
26121 21044
10825 10554
78 517
19604 11656
9785 27787
9204 7770
27949 5970
267 11042
3111 3109
14111 13034
27428 25223
20661 21286
17044 7424
17103 7510
79 9270
4544 4539
1723 1722
19883 10554
19882 10824
16242 16226
11041 11211
25635 24281
5919 6107
16851 9890
26847 11105
5961 5960
22577 22576
11971 13481
10824 15419
22049 22048
20340 21473
27947 8008
12936 1151
19882 4156
11307 11042
17105 17103
24633 24628
4543 4407
17246 20754
13246 13247
19605 19604
25332 20995
11257 17084
5970 8008
17105 7510
7357 6811
20501 20500
8569 8008
4043 19819
3055 3054
847 846
15575 15573
8594 8595
3054 2600
4796 6141
24238 11280
11390 1110
12883 11860
7604 9204
27401 20886
11243 11155
21057 24142
17202 25126
4543 4541
27194 26865
27654 27195
22423 20378
7338 17427
1008 3894
6091 2245
21773 22075
2684 19604
14840 13416
19885 4156
4041 4042
27724 26922
22203 27442
23314 13015
24632 24630
18511 18510
16792 27950
24633 24631
15571 15570
25331 27534
16792 5970
3113 3111
8783 13416
3117 15684
19960 10471
17084 20407
26833 26812
9561 7447
2680 14111
67 11180
22203 17597
6371 6081
200 454
5960 5957
11114 11242
2343 354
1747 23857
20511 5712
11930 3170
16538 16832
24635 24631
27021 26122
24635 24402
5436 5435
24067 24066
18433 357
27441 27440
20500 20498
15947 9395
22228 20757
24961 22292
10823 10554
20495 21322
27950 16062
