28085 1489
21047 20523
10692 10973
26425 8025
6606 11307
11420 11419
10434 5875
10558 6170
26847 11137
17667 20573
12237 12235
2687 382
7955 9561
4017 4015
12781 10205
27263 21673
23314 12033
4018 4016
20419 21690
22776 15247
3937 3762
20375 23081
11496 11391
26801 7620
11179 11226
1831 1830
5875 10432
454 453
12704 12703
11350 756
20577 11137
6650 6078
4793 10629
11418 11327
1700 2780
382 2684
2245 11390
11297 11302
21460 21325
6074 6332
21562 10161
11145 11210
6592 2093
3566 16371
6347 10484
19182 19137
14181 14180
26941 26940
7769 11145
6111 5926
20479 22513
17104 7510
12776 3170
11154 11151
11179 26865
14196 14195
27912 17350
6250 10443
8677 8674
11420 8762
11329 26845
25070 22817
11971 13480
25876 20586
7128 5842
15969 25084
21286 20712
20661 20660
3170 11694
3215 3214
17246 20753
2948 2312
4898 4899
24412 14078
9832 12575
22637 5076
6522 6269
2687 2685
6074 5913
15988 16852
1095 6981
7604 7770
6650 6081
2944 23373
1700 10740
20472 20886
12011 12073
21162 21449
11179 17586
10858 10855
7771 7510
27207 17264
19145 1924
26973 27305
16432 16433
17479 17297
20702 26838
11418 11307
20482 20764
24223 24224
3940 6497
20855 25332
10824 10955
24359 13015
27104 11406
25148 25220
1152 12466
7071 16156
10161 25922
7769 11210
27934 27935
11214 9275
20482 17479
3501 10484
3100 11717
16139 16988
4134 23988
19216 18827
6429 11971
8000 15810
26793 22718
11203 756
6651 10443
25220 25221
16653 9373
23373 26933
8678 8676
21901 20672
26865 233
17340 15901
10828 10650
2944 1095
26957 22718
11718 11716
11203 11350
4793 6110
24226 24224
11493 14078
2245 6606
27020 21425
15974 6811
10653 10654
9739 7201
4014 4013
7042 7043
3682 6429
8762 11419
20850 20489
7870 6902
11056 11043
20887 9561
13755 13754
6074 10974
11578 6429
10684 6561
13057 11762
6159 6588
16610 16828
21057 11145
10596 6340
27358 27440
24962 22292
17076 21295
6334 6332
6288 26861
4016 1183
25223 25222
25222 23042
16298 6920
2603 1429
15988 9094
10744 6216
6109 5926
26957 20578
11419 1924
5926 6106
25608 11306
7602 9207
22637 20479
7955 20851
26958 21067
382 455
12576 12575
14227 14228
4018 4015
9300 15901
26773 15810
950 948
12073 14211
10691 6074
20489 20886
11494 24068
7071 7073
21313 20366
455 453
4014 4016
10456 10457
20578 11137
13193 13194
4490 2404
6334 5913
382 2683
26835 7769
13331 12081
6081 10692
2997 2892
13063 13062
7648 12431
16202 9394
11494 9937
961 4210
18772 11280
9663 15938
20408 1928
11114 11113
992 6003
26943 26941
22292 9561
20340 20339
25055 20887
24005 7445
5904 5905
13061 11717
4165 22718
1389 13902
25923 25922
23373 6981
17246 20523
830 734
17146 9590
76 760
14327 14138
26389 14768
5388 16052
26820 6961
1152 12655
10740 10741
6081 6072
3117 11694
6800 7336
1560 26974
27358 1095
4423 746
3170 11971
20764 25230
6074 6334
27674 26857
11153 11152
15901 9662
4134 3653
11265 23816
11154 11153
26926 12855
20763 20553
8676 8675
6344 6172
16139 27362
20472 20489
1831 2195
7416 7703
11214 2014
1152 11971
12900 12899
14327 1152
7416 7415
13106 8164
26841 19145
6717 17621
26801 26922
7602 7577
334 2312
24401 24400
17479 20440
4389 6987
1700 10742
8787 3249
10828 10829
2244 517
4015 1183
21902 20672
10858 10857
1473 756
20857 11137
10430 2273
16605 7201
27020 26973
490 11203
17103 17542
4015 4013
1862 200
6074 10973
4825 10828
11837 12955
11949 12787
12033 13015
26558 26367
20576 11137
24813 7445
21562 16680
5175 6717
10597 6340
1747 18620
11363 26933
4017 1183
17044 11318
25223 23042
20855 16680
20575 26834
10629 6637
21562 21496
8576 8015
6332 10692
25222 25148
16570 3298
19182 19181
6650 10974
11112 11113
13331 13330
5789 12780
11227 11179
17646 26941
17099 26808
2342 354
7569 290
1560 16448
8783 13983
6110 10629
26835 11210
4014 4015
25923 10161
9270 79
11950 13357
1597 2721
11318 4140
11930 11694
1928 233
11762 10160
24962 25327
455 200
5789 11602
8016 8576
23314 24359
26558 8025
6074 6078
11363 23373
12899 6429
10487 6291
12237 12236
21401 21402
1560 573
14327 3170
93 89
8674 8675
2245 267
7132 2090
71 1090
4017 4016
7095 8624
4018 4017
8497 267
17558 16852
27016 26793
3752 3753
3117 12776
20408 11137
26847 26957
382 2685
2245 11391
27661 27326
11226 11050
11762 13016
7767 7839
6110 6637
24237 24072
12291 12691
26835 21627
26841 1928
7955 25008
210 2959
8487 16121
16680 21327
20843 20841
9395 2763
11154 11152
8682 20763
3117 11971
6074 6081
11114 11344
6162 10740
8226 22883
22441 27671
6920 17100
20660 20575
6828 16608
10597 10596
24962 11945
8677 8675
12776 11694
6340 9434
10630 10629
3566 9066
12899 13607
1928 26865
6334 10973
25100 25097
6650 6334
10434 10430
24574 26973
7602 17254
9832 12576
8156 9066
67 1473
24901 15969
16053 16052
11179 11050
22817 19080
1183 4013
11214 1473
13055 10160
21304 21305
26841 233
760 2720
23491 270
16605 9739
973 11989
21068 20396
16631 27934
6159 10437
6792 24573
9395 6787
17104 17542
4163 8084
5175 17621
19208 12081
17372 15901
357 2428
26957 7862
10691 10692
7447 16323
24400 24159
4134 5173
20745 22199
25148 25221
13062 3100
6650 6072
20669 20668
4044 10239
11344 11112
20764 8827
21792 22101
17558 9094
270 23985
4018 1183
2763 2764
10630 6637
14327 3117
6334 6078
25223 25148
1645 22441
13055 13016
10554 10555
6967 12177
1700 10744
11578 11930
6956 9395
589 590
14028 14196
10434 2273
23257 8594
23042 21092
4289 19181
19145 1928
7771 17542
19182 4290
11949 11994
25331 25332
1928 11137
25074 22292
6588 10437
27348 22761
21401 20629
67 756
26841 26865
4825 10650
14028 14029
12073 20409
11721 14179
12298 12125
11214 756
7042 16097
7500 16832
25055 22292
6288 26862
26876 233
5612 18771
10630 6110
6237 6256
12900 6429
3059 3058
11930 11971
60 2306
26902 10471
27207 490
6334 6081
56 57
25100 25309
4495 4493
11418 8497
11484 9382
6091 517
149 12564
4134 24872
950 949
11254 26861
11762 12135
7769 23735
2524 6254
4428 21068
25098 25097
10672 10671
10443 231
10432 10430
455 454
19074 6157
4014 4017
19559 573
975 4770
24574 11212
3764 3762
7994 24383
21627 11145
17104 17103
12935 12936
6317 9653
25407 25415
490 267
11227 11050
21057 26834
3682 14138
12703 1151
54 1844
491 7178
17105 7771
8775 6989
11578 14138
4490 14841
20577 20576
10856 10855
19145 11419
21057 20575
20661 20575
21300 23042
24153 2951
2253 8410
22847 22243
16610 23081
21300 21092
93 91
15947 6787
9556 12177
16448 573
11084 23787
17099 20361
11307 267
20764 17297
5919 5926
21460 21616
9207 17254
12776 11971
13481 13480
13061 3100
17103 17105
3682 1152
19145 26865
25936 26958
23110 12134
13056 10160
8016 8015
6072 10692
69 2312
11578 1152
22641 23705
6216 10741
11391 11390
3113 3107
21622 21627
25608 26841
10432 2273
6162 10742
7569 249
16462 8396
6480 6478
24401 24159
11793 11792
13063 3100
10871 10693
10434 10432
27152 27032
16139 23705
11257 15810
6111 5919
7785 16824
1700 10743
22741 22735
4014 1183
11257 26957
11212 4440
14028 14195
13056 13016
542 922
14327 3682
11254 26808
21298 21498
16631 8158
6651 6170
9395 16202
23042 25148
9426 17501
11327 490
3117 3682
24160 11254
22414 21643
24346 3653
2306 2307
4289 4290
948 949
12930 11721
11227 11226
142 3445
26841 11179
17246 21047
6301 6299
6036 4567
10743 10740
6650 6074
24160 26808
4064 4063
6332 5913
10691 6650
24066 12135
26926 26957
3117 3937
24701 12996
12855 26957
3117 11930
1095 20578
7955 20887
3170 6429
1151 2430
12452 14567
11762 12134
1645 27668
24574 27305
11831 12270
24223 1069
1012 1862
24412 18612
7025 19560
2343 2342
26838 27315
11813 11812
19560 573
26958 11137
3682 3170
6981 20578
1069 19263
149 15056
1389 12034
11578 3170
7620 26922
8682 20712
26835 27668
6541 10829
27440 1095
2194 2195
20702 27315
4289 19137
20762 21295
9275 2014
11494 19134
22498 22497
26586 4453
26812 26902
11327 267
2944 7769
2685 455
4290 19137
11151 11152
22499 22498
17313 25074
20841 20842
12125 12297
20612 20610
2686 455
267 11390
2944 20578
14327 11694
2780 6591
9395 9756
17372 9300
1645 27671
2524 6256
4428 20396
8649 16059
2685 2683
13626 13754
22641 14193
8191 8190
2245 11307
6332 10974
27334 27225
5174 5175
15921 15966
382 2686
26847 20578
17104 17105
12855 26793
19145 11179
16002 1932
7574 12135
20339 21367
21306 21305
6109 5919
6288 11254
4490 12062
16824 2763
6216 10740
6651 231
20843 20842
26910 26911
6074 10692
11418 267
22810 22880
21314 8943
6162 10741
26835 23735
4825 3542
1721 1722
8677 8676
10856 10857
20844 20842
11780 12899
4770 14488
19181 4290
20610 20611
20764 20440
200 2026
11793 11791
10691 6332
6334 10974
25100 25098
11214 11211
27168 26774
26934 6981
3117 3763
22076 22074
26790 11137
17479 20764
20408 26790
26835 11145
16678 20635
27207 23705
13056 11762
12900 11780
4062 4063
2548 57
444 413
9300 17340
6074 6072
12855 4165
23491 23985
1269 3501
14029 14195
22737 22736
16631 27935
13357 11852
11661 12528
6216 10743
20372 21632
10672 6272
10691 5913
24225 24223
16516 7201
6162 10744
8497 490
267 11203
17076 20486
24159 24399
1557 1442
4064 4062
10744 10740
7338 7004
10694 10739
24114 13257
24066 12134
22243 22074
24940 25084
490 756
652 1578
8303 8301
22740 22736
6081 6078
14138 1152
17243 16825
11231 1795
589 591
8595 8594
10162 26841
23257 8595
4289 19182
12510 24221
1529 3171
490 11350
23208 20487
27661 11203
11694 1152
23735 756
1012 1861
7025 19559
2270 2271
11463 11464
3894 7433
20054 27153
3117 6429
7581 16371
11950 11852
2522 6256
12776 11930
2363 11043
10743 10742
6541 10828
16680 25332
3566 7581
2948 69
1269 6347
5612 18772
2948 334
16139 11215
23705 14193
11231 11211
2708 24035
4849 17559
22499 22497
3566 17501
60 2307
2524 2522
11145 26834
10974 6078
11201 18772
4953 6806
11254 20361
22518 20645
14327 12776
2687 455
1928 26790
20648 20647
9395 9755
11254 17099
1831 61
8191 8189
11145 20575
24100 19696
6332 10973
21314 20629
3764 3763
22292 11945
573 4647
11493 24412
7574 12134
21306 21304
18639 25635
6272 10671
14327 11971
12639 3117
26808 20361
2363 11046
4491 12062
6334 6072
24160 20361
6606 6351
455 2683
22735 22736
24160 17099
13057 13056
9395 16570
4793 5840
20844 20841
21259 21056
10454 231
6651 6250
26857 26911
6787 16202
4165 26957
3117 3762
4134 24346
24882 6480
3042 2047
26973 11294
20648 20650
17558 15988
11494 19378
6650 10692
18772 18771
8682 20524
21627 26834
4647 26974
10973 5913
3298 9858
16448 26974
10497 10499
22737 22735
21287 20763
7500 16538
22738 22736
16516 9739
6216 10742
24133 24283
16852 15924
6332 6078
16298 17100
6162 10743
11485 3068
7604 6773
6480 6479
7785 2763
11280 18771
1700 6216
11930 6429
20763 20712
5848 4666
20495 20668
20850 20487
26957 11137
14078 4134
3117 11578
6429 14138
11179 1928
22740 22735
21902 21901
200 1861
8304 8301
22741 22736
6104 5917
3406 992
4165 26793
25097 25309
1151 1152
3566 8156
15712 5939
7703 7415
12855 22718
6956 2763
11211 2014
1429 728
3207 12136
11307 490
17479 8827
26973 490
12356 497
18660 206
24549 24550
11201 5612
26910 26857
10743 10741
3762 3763
6429 1152
8025 26367
10161 21496
16680 25331
11180 1473
10744 10742
6081 6332
15901 3758
26835 21057
12564 15056
11780 6429
24882 24880
21315 21313
27661 490
17144 14067
6521 2524
12776 6429
10558 6651
20629 8943
10691 10973
22740 22738
17103 7771
18433 2428
19145 233
11201 18771
24005 24813
13063 3117
15947 16570
6967 9556
6773 10216
16863 3445
25463 19506
21259 8943
6081 5913
26586 191
3682 11694
5913 6078
17372 17340
9395 9394
11578 11694
13057 13055
17350 9300
7862 455
334 69
14180 14179
4491 4490
3125 12576
20855 10161
1723 1721
20612 20611
26944 17646
267 11391
20379 20525
7357 7350
20524 20763
5919 6106
11327 11307
20648 20649
25055 9561
7338 7336
6173 5842
10691 6078
20649 20650
2685 2684
11180 756
13626 13755
21314 20366
11791 11792
10454 6250
262 1719
3170 14138
15969 24940
27661 267
10692 6078
25439 15980
2686 2684
10974 5913
8411 6775
11329 10162
11210 756
5854 8025
26845 11120
22738 22735
11056 1372
22739 22736
98 3494
26944 26941
11995 11949
10856 10858
20844 20843
2428 1584
24218 24217
13062 11717
16610 20375
20352 20353
25574 25464
20530 26812
22292 19894
4793 6637
6081 10974
25008 20851
3117 3764
6091 2244
22076 22075
11707 13481
27752 11406
3170 1152
3207 13902
20482 20440
23081 16828
24290 23990
17076 20762
16053 5388
20419 20420
10691 6081
9094 15924
10726 6941
10742 10741
20661 20712
26862 26861
1008 7433
20375 16828
20850 23208
22243 22494
9414 17298
22579 21662
2524 6237
4043 1584
25098 25309
591 590
11056 2363
23042 25220
14473 13198
2944 6981
24225 24224
27019 11137
11145 756
26910 27674
9395 3298
26846 10162
10558 5914
61 1830
6072 10973
2997 15479
200 453
1389 3207
21562 21327
6211 6212
7073 16156
10744 10741
26835 26834
20855 21327
14327 11930
16516 16605
21259 20629
24066 11762
8303 8302
22740 22737
22777 25922
20489 20487
25222 25221
26835 20575
11041 8497
8304 8303
22741 22738
26934 26933
17104 7771
11418 490
16517 16605
1012 200
8497 11327
10534 10535
6250 231
26812 10239
13056 13055
11043 1372
1831 913
11329 11120
24574 11306
5854 26425
23735 11145
11329 26841
6787 16570
11241 11272
24066 7574
4016 4013
13481 11971
26272 9858
26973 21425
11877 12278
24359 12033
26272 3298
20857 27019
26943 17646
14180 11721
3682 12776
26838 26834
21325 21616
18483 18484
13330 12081
9414 10309
11578 12776
22423 20841
27157 2271
76 2720
17558 15924
20754 20753
11297 11301
1700 6162
6072 6078
10973 6078
13062 13061
9275 11211
14181 14179
26862 11254
3125 12575
7769 756
3682 11971
3894 1008
27345 233
12235 12236
26934 23373
11995 11994
11578 11971
26812 10471
12298 12297
19560 19559
5388 8576
7510 17542
26926 26793
7054 6794
21315 20366
22074 22075
6650 6332
25230 17297
8497 11307
2686 2683
6017 6016
2687 2684
18424 10781
9832 3125
22739 22735
7574 11762
23735 11210
18552 18550
3117 14138
26957 27288
26944 26940
26841 11306
14105 14560
16139 7692
19137 19181
806 8023
24223 19263
1454 6517
4044 26812
13063 11717
14078 24872
6081 10973
12766 13416
17558 6828
6650 5913
15947 3298
11707 13480
612 56
20855 25331
17479 25230
16517 16516
25876 20817
24384 9660
27671 27668
26926 4165
27912 9300
11294 21425
6162 6216
4878 6757
10742 10740
17044 4140
12376 3673
1560 4647
26877 26876
10630 4793
20817 20586
3117 1152
6950 11291
23705 25936
8301 8302
14138 11694
22738 22737
9414 2021
24400 24399
11571 1151
21562 20855
27207 27052
22739 22738
7604 10216
22777 10161
26944 26943
11344 27711
8678 8675
21057 21627
27362 16988
9756 9755
16863 142
24153 24154
30 1576
10692 5913
5612 11280
67 11214
2021 17298
1529 1411
24226 24223
16517 7201
21737 21736
10454 6651
10454 10443
20495 20669
10974 10973
7025 573
9094 16852
11201 11280
21446 19960
2428 4043
470 469
11694 12466
27757 2074
25222 25220
22442 22441
8304 8302
22741 22737
20410 2293
25223 25221
267 756
6787 9394
3938 12639
4224 11833
5842 10649
11571 2430
14327 6429
27207 25936
2684 455
15965 8557
11108 11043
6184 1345
17105 17542
267 11350
22637 22513
4017 4013
20855 21496
20489 23208
20629 20366
4018 4014
14077 13205
3209 806
8189 8190
3501 6347
5875 10430
6827 7350
14181 11721
6516 1975
25923 22777
2684 2683
12092 12093
21221 17738
10744 10743
573 26974
4134 9270
27207 26973
27661 756
22292 20887
13994 20503
27750 20576
11930 14138
1516 18274
6334 10692
25422 25541
10691 10974
12011 14211
22740 22739
1395 1396
13063 13061
6106 6111
3057 3058
22741 22740
20524 20712
27661 11350
10692 10974
11114 11112
26943 26940
22441 27668
11707 11971
1191 1192
7692 23705
4016 4015
27020 11294
2687 2683
3117 3170
6480 24880
1700 2660
6072 6332
11301 11302
26957 26793
11930 1152
22847 22074
26877 233
2944 26934
27006 25638
15988 15924
3566 9426
6109 6111
9204 7770
7862 27288
3653 23988
20661 21286
17103 7510
3070 7803
16462 8008
11153 11151
5875 2273
1723 1722
18631 4073
8676 8674
1831 2194
6478 6479
9550 20398
12776 14138
22389 4849
948 800
7510 7974
4453 191
17298 16851
14078 18612
6072 5913
6787 3298
20402 20401
8000 11257
2686 2685
17246 20754
10160 13016
7427 11215
14196 14029
2687 2686
26835 756
6715 1975
21627 20575
12704 1151
11762 13055
17105 7510
4134 79
22739 22737
12545 11860
24401 24399
3055 3054
16351 16352
1700 10741
16517 9739
8678 8674
10406 16581
10857 10855
6076 6081
7604 9204
24747 24748
24574 4440
11243 11155
14138 11971
10691 6334
14327 11578
12776 1152
11494 24099
22423 20378
11578 3682
25074 19894
21287 20524
11211 1795
6429 11694
11694 11971
7955 22292
1862 1861
4041 4042
6016 10594
23314 13015
24901 25084
5528 1471
2660 2780
11971 11583
12134 12135
25223 25220
13057 10160
6516 6715
24901 24940
16448 4647
290 249
26926 22718
21259 21314
6316 6253
3682 11930
4603 4545
23042 25221
6650 10973
7338 6800
7128 6173
1395 6136
8678 8677
67 11180
4018 4013
17646 26940
12033 11656
3938 3117
6072 10974
24226 24225
200 454
10691 6072
11214 11180
27674 26911
2343 354
11179 233
20511 5712
11930 3170
16538 16832
25055 7955
18433 357
11930 7986
15947 9395
22741 22739
13057 13016
