28085 1623
11128 11046
26425 8025
11476 13944
6606 11307
19813 10118
2584 10457
11898 15659
19520 2582
11971 11707
10672 19518
19803 19760
11107 756
19889 3059
14770 12141
2074 16069
24685 11296
22485 20575
25271 25240
20511 27021
12781 10205
21619 21565
25937 27023
6718 24851
15901 17146
3059 19888
1831 1830
26467 16491
5991 3962
19879 19875
11350 756
3044 21422
20378 22713
24033 24035
12991 11749
3129 14555
11297 11302
24231 24513
25508 9066
20757 20350
17315 23113
5690 27625
6765 7125
14181 14180
26941 26940
6204 19889
4490 14769
17104 7510
25639 25248
21921 21920
1008 26472
4491 14770
25565 25564
8397 7043
2599 344
8677 8674
25313 25348
11971 13480
26975 26830
9778 7379
520 27449
21286 20712
27318 26940
19812 19811
11762 15593
24035 24034
24412 14078
27503 20691
12991 11824
27075 27074
26773 20702
25222 11179
14042 14235
16388 16413
23335 6811
17543 7771
11946 11859
27401 16069
27478 25069
9662 9661
27367 26958
24574 26949
27006 27181
3598 21947
15921 23335
5526 5527
27171 25936
7771 7510
11718 11713
4148 12821
27140 7905
20702 26838
26838 27345
20852 20855
27348 26958
18976 18977
6345 6590
19815 19812
23742 23771
24774 24772
23743 23772
18612 24069
11780 11637
13493 13494
19881 19878
1152 12466
25565 10196
6811 17100
23772 23771
6335 5916
19874 19875
7510 16054
21598 21741
23773 23772
27934 27935
14084 14083
25639 25313
21401 20409
2680 11689
26845 26844
11041 11046
27416 16610
21562 20856
4490 13414
11297 24477
15901 27818
8836 19874
26486 6351
27307 344
27075 14330
12134 17889
19811 10118
20855 20856
20472 20480
11930 11859
12757 11637
25564 25561
16680 20995
12766 14840
14235 121
25248 22817
11493 14078
2245 6606
15974 6811
11211 11210
27472 27449
2583 19518
11056 11043
24079 3129
19876 19874
4878 17486
11494 24222
19877 19875
11041 6606
6591 6590
16610 16828
24897 20995
22292 18971
6679 552
1090 71
416 206
1438 4015
14987 14986
11380 20422
11305 11123
23742 23113
11898 15658
12237 15761
5841 10456
10672 19517
25937 26901
25639 24992
11419 1924
9416 15955
7323 27957
5841 2584
23772 23113
1790 6811
11043 18827
7771 7974
27391 23816
24082 3129
21562 21065
11494 24068
16298 15914
6204 3058
19880 19875
21313 20366
23983 270
24033 24034
10456 10457
20578 11137
13495 13496
19520 10672
20340 20650
19679 7398
19802 19812
13962 15591
382 2683
16535 3439
15785 25084
23775 23774
19074 270
9414 16388
27231 7854
11494 24454
19519 10456
26838 17084
10224 7073
12033 24359
2997 2892
21396 21689
21921 21919
3179 20575
4491 14769
6679 19888
18772 11280
19519 2584
25565 25563
18686 20402
24685 19363
11114 11113
23775 23113
21562 22776
17170 20407
10196 25562
9395 16388
25663 19080
20340 20339
19338 25404
26368 26682
756 11137
20702 17084
14078 12495
19813 19811
830 734
24979 25070
27181 27729
22750 23742
3894 7738
9065 17542
16279 26857
24718 12499
206 497
26949 2496
19181 6250
1152 12655
25248 19080
3179 20938
10672 10457
19879 19877
6335 6334
23772 17315
2684 2687
11201 2355
6804 7715
7771 16055
27172 25936
21947 20856
20842 20841
3849 1269
4134 3653
11265 23816
7738 26472
20734 20490
20472 20489
20579 20472
22750 17316
23743 23771
20702 26958
7416 7703
22568 26958
12900 12899
21842 21835
5690 9066
17105 17104
23773 23771
52 6148
23775 17315
17176 19873
2582 19518
4878 16363
23774 23772
21056 21313
25639 25348
26835 22485
26846 26844
6335 6072
9335 9003
8397 16039
24080 24079
12757 11780
5846 19993
6828 16298
4491 13414
3595 13802
9414 9412
1359 7703
4389 6987
520 16932
27619 16680
18433 4085
10224 1903
27729 19706
10671 19517
19814 19813
26842 20407
21947 25819
19815 19814
9063 7510
2584 19518
17222 27478
2599 27145
17105 7416
5841 19518
6146 3
19877 19874
18882 18971
992 8947
12033 13015
23739 23740
15921 6811
24297 24296
26558 26367
16281 16279
11861 14745
19881 19880
13493 13496
25876 21494
25012 22292
6429 12899
9550 21835
5991 19992
20408 11180
5838 3800
26838 16069
27181 19706
19889 6679
18686 17990
25111 9066
6148 3058
25218 27622
23743 23113
27479 27478
15912 16273
27401 2074
16226 15911
27339 20938
23799 16305
11112 11113
26820 27023
16680 24897
20774 21422
12291 14082
25563 25562
23773 23113
7770 9204
12004 11136
16932 27449
69 30
19518 19517
6148 19888
20702 16069
24033 2629
27619 25134
26773 2074
27675 27021
22568 16069
19519 19518
6718 24476
3279 5925
17543 9065
26472 16491
17103 7975
6204 3057
8492 25561
6679 3057
4878 15911
23775 23773
11196 18789
19074 23983
26847 26846
22750 23113
455 200
10799 3962
24062 19149
5789 11602
25663 25639
16363 15911
25406 19338
3742 10781
10487 6291
17144 18053
11349 17812
19520 2583
12237 12236
21481 20757
21674 26930
27145 27684
27623 25508
12543 12544
7995 17655
3246 490
17543 17542
15882 15881
3737 1747
20402 17990
7357 8624
27402 26973
11201 4857
23743 17315
364 30
13414 12141
765 2180
17316 23771
26845 11105
19879 19876
5910 10799
19880 19877
7771 16054
25218 25508
23773 17315
12855 19208
19802 19814
19876 14101
9063 7974
19518 10457
27416 27415
24982 25272
10781 11459
20576 490
25012 25151
20843 20841
6902 16292
221 5225
22750 17315
6828 16608
27231 14923
14810 14769
27622 9066
6340 9434
13644 3138
16201 16202
27318 26941
7383 98
26773 22568
20132 25272
21843 21835
11762 15594
24574 26973
6345 6143
2582 19517
23774 23771
11322 15178
27367 26838
24295 24296
67 1473
23081 16610
17503 789
19879 14101
11296 19363
2599 27684
7692 25936
11107 11210
24083 14555
4140 11120
16298 16413
24992 25248
25348 22817
15881 11780
23775 23743
26989 11179
22318 22486
27624 9066
21068 20396
17105 7703
27367 27345
16631 27934
5840 4793
20842 20843
22777 22776
8192 8214
13060 12876
11724 11909
25561 25562
11041 11358
15948 24908
24476 24851
19815 19813
21422 21423
24099 24455
24774 24773
17222 27477
25111 25218
9835 3717
1790 23335
4134 5173
19889 6148
18414 7875
27348 27345
20690 20691
10161 20855
13933 12899
1411 4477
24151 24478
6148 3057
21026 21027
27287 26812
5846 5910
17543 7510
17240 21207
15924 17100
6591 6143
8014 7264
8836 19875
11494 14555
21057 490
25404 25568
18771 11280
25563 25561
25088 24959
1701 6013
27684 596
25564 25562
14810 13414
2582 10457
23774 23113
12134 7574
19519 19517
16222 6828
6013 3785
7771 17542
7899 9734
1269 61
634 453
25074 22292
10456 10671
19520 19517
17104 7975
5499 1470
21401 20629
26930 27023
5910 19992
25126 25084
19877 19876
25439 7379
11721 14179
11459 3742
7042 16097
20629 22485
855 13495
24083 24082
19861 3056
2583 10672
79 5173
5841 10457
12900 6429
3059 3058
20577 20874
26772 11179
9774 9773
25055 18971
27201 27391
16684 15973
24685 23984
25126 1095
25565 8492
15601 1753
8682 20579
25348 19080
22202 22101
7357 17146
16010 12394
11762 12135
490 3179
26846 11105
13088 11862
10672 10671
18882 25055
3894 26467
10443 231
6204 3059
19880 19876
1526 25173
17889 7574
21065 22776
21057 3179
13493 19760
19802 19813
23774 17315
17104 17103
23081 27416
19877 14101
490 267
25407 25415
7692 27172
11494 24455
19993 5910
11227 11050
19519 10457
23772 23742
54 1844
11476 24034
520 27472
24901 15785
19821 61
17105 7771
20757 22228
26838 2074
23773 23743
11861 11946
11047 11204
24082 14555
19717 19718
27534 16680
21562 22777
1095 25084
16919 16625
11960 11961
10196 25563
11493 12495
21057 20575
19860 4985
16535 7510
27401 20702
27623 9066
2253 8410
13088 11852
5499 1162
4387 52
21481 20350
24772 24773
25464 25409
19813 19812
25111 27622
11495 11493
27624 25218
24851 24513
17105 3439
25407 25405
11307 267
20580 20335
1570 517
24084 1516
520 24982
19879 19878
23772 17316
490 20938
3894 16491
19880 14101
13257 24209
27305 596
19880 19879
4778 1384
14101 19875
11186 98
21057 20938
23775 23742
11056 18827
23110 12134
1557 30
15882 11780
11147 11137
19378 3129
5969 5989
19992 3962
27625 9066
1947 11326
27478 27477
11041 11128
21622 21627
22568 26838
11211 11050
27318 27231
7558 7559
9340 21673
24477 11344
11041 11249
27534 25134
5453 1162
12766 1151
11994 15718
19746 765
5528 15012
11358 11046
27264 1753
23775 17316
9778 25439
23774 23773
20480 22164
25663 22817
12899 11780
4290 6250
26846 26845
6828 3876
2753 2754
9589 9414
26949 26973
16916 8062
24897 25134
7229 7230
6990 7442
14770 14810
10671 19518
11044 11249
8497 6606
14769 12141
26838 27348
21325 19506
23772 22750
12575 12576
16697 16402
24992 25348
19889 552
634 200
8901 3405
5991 19993
4064 4063
497 496
3666 19860
2583 10671
16388 16298
1151 14840
2584 10672
15479 11203
20579 20489
10456 2582
11327 11326
3298 9755
3059 3057
3595 3562
21919 21920
455 13717
8836 19877
4868 19821
3117 3937
20512 26936
4490 12141
21674 26820
7692 26929
23345 23346
18421 853
8487 9412
23775 22750
6718 24513
16919 8304
9066 8158
8492 25562
79 11493
12897 3927
6679 3058
27624 27622
11344 27728
23743 23742
416 497
23081 27415
7692 27171
24454 24099
5991 10799
27152 26845
1069 19263
517 6592
4857 2355
23030 25419
20757 20421
8682 20712
23773 23742
7769 7424
19520 10456
27675 20511
23774 23743
24231 24476
19520 2584
2944 7769
26121 17371
23987 24237
22499 22498
3968 19760
1221 9659
21950 20827
13933 6429
552 19888
22568 17084
24083 11494
27479 24979
5969 6335
23743 17316
17105 16535
27625 25218
17486 16226
26467 26472
846 3194
26847 19145
22292 25151
4868 288
24083 24038
2245 11307
19880 19878
27671 11306
25564 10196
14101 19874
23773 17316
15921 15966
19802 19815
13257 24064
25663 24992
11306 27668
3170 7986
16610 27415
7975 3439
24080 14555
19993 3962
22023 25088
26910 26911
5969 5916
20844 20842
19181 4290
520 20132
22243 21950
15012 1471
1162 1470
520 25272
25111 27624
3117 3763
2093 1570
26958 27345
12900 11780
4062 4063
17475 9395
693 3858
11107 11211
20938 20575
3056 19860
21286 20763
21401 27102
24477 27728
9774 8564
12897 14046
16631 27935
23743 22750
69 364
3666 2764
1095 1928
6990 17276
19145 26844
25508 27622
4490 14810
23771 23113
14085 10577
27202 27287
24235 24236
23773 22750
27231 26941
15659 15658
4290 4289
26941 7854
4064 4062
9389 9494
938 8
6792 26838
21263 21264
13494 13496
4868 1269
27358 7769
11762 12071
2584 10671
17316 23742
22568 20702
5841 10671
27479 25070
8836 19876
27318 7854
24080 24082
27157 19506
11307 3246
1008 26467
12514 15588
17486 15908
15761 14083
4491 12141
6204 6679
25564 25563
9659 26486
21477 20828
13227 14068
6792 27345
2583 2582
11463 11464
25575 25464
10456 10672
19520 19518
27157 21325
27472 25272
17339 27328
27625 27622
17371 21044
26540 27957
17084 26958
16777 16778
25406 25404
11463 11212
19519 10671
11861 11859
27006 27729
2363 11043
20421 22228
10671 10457
25313 22817
3566 7581
21314 21313
20689 25425
552 3057
23774 23742
3849 61
11861 496
9589 8624
3598 25819
21401 22485
22292 24908
11231 11211
8836 14101
22499 22497
8836 19879
27619 20995
20752 20763
11780 3927
1008 16491
9778 6811
12034 11656
26773 26838
19803 3968
10196 8492
23984 19363
1831 61
11925 121
1931 9718
21065 22777
5852 1476
27367 6792
3764 3763
24979 27477
27202 26812
23774 17316
6828 16402
21306 21304
5690 25218
6334 6072
24231 24851
27401 22568
12237 10577
19814 10118
16258 27906
24231 24478
7875 20361
20844 20841
20815 20814
20054 27254
11138 11136
14770 14769
22339 21688
12135 13131
1722 1721
10454 231
3056 2764
15881 13933
26857 26911
11265 27391
11105 26844
25111 27623
3117 3762
27201 11265
11495 11494
17084 16069
8109 9924
11494 19378
21009 25882
1503 8192
24343 24344
16222 8726
2013 162
15881 12899
1438 5852
831 830
17316 23113
9137 809
756 20578
26973 2496
11344 4140
3595 2474
7424 3194
11136 11137
25313 19080
24992 22817
262 650
7604 6773
4491 14810
9065 7771
8084 27906
18240 23740
27231 26940
11925 14042
23774 22750
2074 26958
20495 20668
27305 27684
10171 16246
16697 16413
22023 24959
6792 26958
27479 25069
3343 27876
6204 6148
19519 5841
6679 6148
7854 26940
25923 21065
11327 1947
23114 23363
16054 16055
19520 5841
19166 19164
14770 13414
26958 16069
17176 4203
27023 26901
23404 5939
3566 8156
27367 27348
9589 7357
2584 2582
9395 9414
5841 2582
25563 8492
27668 20407
12069 12068
17316 17315
1429 728
20599 3044
24423 24209
11307 490
26841 11180
14838 15777
3247 2229
12356 497
17315 23771
24901 1095
314 1831
27145 596
16535 7975
26989 26772
12543 15635
3762 3763
4134 4309
25923 22776
14042 121
24231 6718
26835 21057
19958 21598
21042 20480
10456 2583
1008 7738
14180 13044
19517 10457
5690 27622
7196 7043
24079 14555
8836 19878
9589 17146
27401 26958
11201 18771
27307 2599
19134 19328
19993 19992
6773 10216
13015 24359
16932 25272
9589 15955
11147 756
19888 3058
14082 12900
14810 12141
25069 25070
26773 26958
24574 2496
4868 3849
11971 3125
9589 9395
13062 3129
11493 11494
24080 11494
27624 27623
26895 25936
24992 19080
19878 19875
1938 11046
17103 3439
27625 27624
1719 650
26820 26930
455 382
13626 14174
24035 13944
9414 6747
1557 364
19520 10457
11861 4169
19145 11105
490 20575
15684 14838
12900 15881
15807 20192
27619 24897
19815 10118
15684 15777
23081 20375
2599 596
14180 14179
4491 4490
9136 809
7738 16491
8836 19881
3056 3666
11994 11995
11318 22441
25639 22817
1723 1721
15882 13933
26845 405
20702 2074
20524 20763
21481 22228
22568 2074
24083 3129
11327 11307
11718 14841
19881 19875
21314 20366
25218 9066
11862 11852
262 1719
5690 25508
17170 27668
8411 6775
20579 20712
11210 756
24067 24072
12897 11780
25126 15785
11056 1372
12033 14564
15882 12899
27052 26911
356 455
24079 24082
13802 2474
5846 5991
8497 11249
20501 20499
8784 8569
11949 11833
9550 21843
20844 20843
27415 20375
24476 24513
18240 23739
21323 20814
26773 16069
16610 20375
20352 20353
416 2176
7379 6811
9811 15588
12237 14083
18195 21494
22292 19894
19814 19811
20530 26812
7975 7510
831 734
16680 25134
11995 15718
25111 27625
3117 3764
13227 15581
11494 3129
11707 13481
25663 25248
23081 16828
4203 19873
7445 18662
2684 13717
8411 23739
15921 1790
9659 6513
9340 26947
9661 9591
24142 26958
25111 25508
1557 69
4043 1584
6143 6590
19861 2764
11180 98
13711 8180
27534 20995
16039 7043
10456 19517
7769 3194
27337 8000
18827 19216
25564 8492
19802 10118
19662 19263
26910 27674
1095 15785
22389 22561
61 1830
26958 15178
2997 15479
16298 17452
200 453
22442 11318
19958 21741
17543 17105
12544 15635
3059 6679
25639 19080
21674 27023
2687 13717
27479 17222
26540 7323
23775 23771
24033 13944
5841 10672
356 6828
27415 16828
26847 26844
6204 552
5846 3962
24080 24083
24034 13944
3052 24898
11041 8497
26835 20575
20995 25134
19821 3849
21057 22485
15761 14084
22804 26815
22040 21464
8624 17146
16828 20375
19804 992
11043 1372
382 972
11544 14077
1438 1476
19888 3057
21936 21937
25663 25313
7461 6801
19889 3058
19520 19519
8397 7196
23984 11296
20350 22228
15881 6429
19878 19874
24513 24514
27625 27623
27358 17559
17103 16535
14180 11721
27623 25218
17104 3439
7510 9065
19519 10672
19889 19888
26845 19145
19879 19874
10171 10172
26947 21673
11824 11749
17222 24979
9608 7471
9414 10309
552 3058
10672 2582
2629 13944
847 733
11861 497
24035 11476
7986 11860
4878 16226
5690 27624
21623 20649
8836 19880
14181 14179
2764 4985
6204 19888
3894 1008
21481 20421
1069 19662
16363 16226
4041 14245
19881 19874
26975 26829
7510 17542
13194 13193
5910 3962
13195 13194
15948 22292
19878 19877
27503 20690
21042 20472
1585 19820
9890 9891
69 3201
25575 25409
11211 756
20132 24982
9066 16131
9550 21842
21452 21022
3343 6902
26838 26958
11344 11120
5690 25111
3343 16292
12900 13933
19992 10799
11138 11137
18744 18612
16039 7196
26957 4140
27416 20375
27624 25508
25408 25574
9210 9211
11694 12931
4492 4493
7167 15966
13414 14769
19815 19811
11762 11875
7424 846
22292 18882
27314 11179
15910 23158
16281 26857
20629 20409
21775 21773
15799 14839
11241 11242
27671 27668
19881 19877
3894 26472
4423 2421
27876 6902
9589 15901
2582 10671
5173 9270
27876 16292
7438 7439
19757 455
21562 25923
27477 25070
364 3201
2389 77
21562 20855
19861 3666
6291 9870
20472 22164
7604 10216
234 733
24454 24455
455 2687
26575 7218
27401 26773
356 3876
27362 16988
17486 16363
17222 25070
14912 12377
22750 23771
19757 2683
3059 6148
17105 9065
25439 6811
933 73
24079 11494
10454 10443
12237 14085
2583 19517
21286 20524
11147 20578
4849 16748
11201 11280
3448 13665
26938 26845
27623 27622
4375 13975
11123 7016
17170 26842
19869 19870
18736 18737
7073 1903
27416 16828
6429 11780
22442 22441
11762 13131
3117 12639
24033 11476
20672 20580
27254 27732
27534 24897
21314 21624
22497 22498
5846 10799
11180 7383
11123 11050
27305 27145
19889 3057
2584 2583
19364 4929
25663 25348
2684 455
20350 20421
5841 2583
11307 26973
17105 17542
13967 12803
18414 20361
15882 6429
27052 26857
24082 11494
27478 24979
5991 5910
16242 16534
17104 16535
27534 27619
14181 11721
3762 3764
27171 26929
25923 22777
26846 19145
8784 8780
16433 20653
19880 19874
14085 14084
2599 27305
25313 25248
11464 11212
19520 10671
21843 21842
4134 9270
19802 19811
2026 733
27401 26838
10456 2584
9589 16388
1516 18274
5690 27623
20054 27732
7769 17559
1395 1396
27201 23816
3057 3058
20712 20763
19519 2583
20524 20712
19812 10118
2583 10457
25565 25562
17486 15911
11114 11112
11345 11390
6792 27348
5852 4015
27472 16932
10196 25561
8487 9414
16367 15966
16222 16402
24231 24151
13257 24423
17105 7975
14923 7854
6606 11249
9811 12514
20774 3044
15901 8624
24080 3129
19878 19876
24979 25069
25261 20474
8674 9663
7692 2363
9659 6351
8304 16625
7442 17276
26121 21044
9137 9136
16778 17392
15601 27264
22292 25055
8008 15966
952 18199
19993 10799
9773 8564
21562 21947
17103 7510
27625 25508
3125 13480
4490 14770
1723 1722
11128 1938
3448 11626
7167 8008
20855 21947
9063 7771
14084 10577
2074 17084
26847 11105
10487 9870
7510 7974
11971 13481
19881 19876
4868 61
8677 9663
11307 11042
17105 17103
25348 25248
6828 17452
26958 11322
22423 25528
382 19757
19878 14101
26773 17778
27006 19706
11041 11044
15882 12900
17315 23742
27477 25069
17105 7510
24079 24083
11147 11210
3439 7510
21321 21322
27478 25070
27449 25272
5846 19992
16351 16352
8678 8674
6076 6081
17222 25069
19821 1269
15921 16367
18195 25876
3246 267
12237 14084
11494 24099
19814 19812
25074 19894
6345 6591
2584 19517
7769 846
5841 19517
25126 24901
11925 14235
14908 13816
19881 14101
12291 12900
24297 24295
25313 24992
8411 23740
30 3201
19881 19879
13493 13495
24901 25084
11231 11050
5528 1471
14797 1152
18511 18510
11971 11583
13933 11780
7510 16055
27401 17084
19860 2764
27479 27477
20408 26841
27074 14330
10456 19518
27152 26938
8411 18240
15593 15594
552 6148
11203 11050
26773 17084
2680 14111
8678 8677
3059 552
19080 22817
1557 3201
27674 26911
19861 19860
20340 22189
13495 13494
11930 3170
27172 26929
5436 5435
19876 19875
23775 23772
15901 7357
469 470
26847 26845
4015 1476
11930 7986
7738 26467
8084 16258
25936 26929
19519 2582
25565 25561
27172 27171
