28085 1490
21047 20523
11128 11046
27152 24160
9395 23705
10631 1694
10859 10857
7127 8943
10623 10766
26958 1928
11971 11707
26991 6980
7585 7017
14768 1069
10772 10565
2450 4082
6819 6818
23314 12033
3758 8715
1526 20851
9589 8649
6820 6819
19165 18317
10636 4382
20644 20761
10774 10768
6054 2706
19263 1069
16567 7000
7526 6800
10774 10624
21068 22113
4262 12984
6138 6088
28046 28039
21562 10161
5886 210
4490 14769
6695 2450
4878 17166
23030 17597
22742 22414
8677 8674
6334 6650
23399 992
7019 7018
7196 15955
27319 27170
3572 20484
11056 3273
17246 20753
28046 294
4970 8451
8482 3717
11861 12417
22637 5076
4849 11050
10769 6334
25008 7427
6049 6085
14042 14235
9937 24382
6828 27780
3298 16201
16388 16413
25589 25610
18552 18551
24078 24382
7185 9098
2944 23373
5959 571
12011 12073
23571 24959
8962 7974
28045 28041
11950 11834
21835 21843
10858 10855
21625 21624
28046 28042
19165 19164
24098 11420
11214 11127
13944 24034
19145 1924
26831 26812
16321 6802
8649 1484
11834 13357
5917 1454
9749 21162
20331 3598
6478 6481
16000 15913
18612 24069
16432 20382
6821 6820
25148 25220
2632 380
13493 13494
1152 12466
10772 6334
1095 25172
12514 11781
23394 19804
6650 10766
1012 16363
14084 14083
11041 11046
19660 24237
19216 18827
20335 21257
23839 23838
10769 10623
6385 6388
10224 7790
21622 20763
20472 20480
8947 992
24069 19173
9858 16570
15974 6811
24396 24034
11056 11043
14105 11652
13496 13494
6695 4082
23397 19804
20631 20486
11041 6606
10771 10766
7219 26575
11494 24078
831 2026
24068 11493
10772 10767
11179 26812
21479 9068
25008 22817
5173 4134
11043 3273
10772 10623
27005 11344
7747 6966
8160 6875
10624 10766
6762 26492
23148 6811
7955 20851
10773 10565
51 2570
79 23988
6820 6818
12073 14211
7955 25173
6758 26499
27270 20786
7424 21076
5075 26965
13344 11930
11494 24068
16298 15914
10774 10767
1526 25172
20578 11137
15901 16363
25422 25421
26835 7769
9290 9412
7345 10058
16226 7379
23398 23150
24595 24596
9340 23907
10509 10504
18550 18551
15947 16222
13015 3595
10224 7073
27163 23705
6049 1700
267 230
11420 11529
6980 26790
9497 26486
16120 20436
11494 9937
20426 16120
3566 8943
11047 11203
27865 6800
20408 1928
28043 28040
17168 17100
19894 25012
3962 5910
7019 7017
8658 8659
26991 26953
10781 3742
10623 10624
1012 15901
23742 17315
1095 1526
23373 6981
17246 20523
830 734
17222 5119
15901 15980
1648 26966
1516 2495
10770 6334
1152 12655
26772 27337
21840 21836
1008 7128
10774 10770
7769 23148
11494 24794
6804 7715
2356 18771
11942 2475
12554 7432
9518 16970
28046 28041
992 23111
23705 233
10767 6650
8881 21117
24730 24729
9395 5388
1526 25008
8676 8675
22817 7427
26989 344
15909 15910
7510 7975
6269 6522
13257 24427
21775 22074
21842 21835
21622 20520
25671 25408
10773 6334
20577 21422
10565 6650
15974 17100
7581 8156
10499 10497
22194 21276
10769 10766
7539 16152
965 18129
26576 26575
17479 20440
22810 21257
20712 21624
7345 6874
10770 10623
9414 9412
1204 13198
9660 6849
1012 15966
22817 25173
28045 28043
10224 1903
16321 3385
10858 10857
1832 9734
12855 26845
6333 6088
8947 23393
23366 23666
11443 2363
12455 51
24160 11109
17622 21899
22658 22389
7803 1928
8450 8451
12033 13015
23739 23740
16152 17181
15921 6811
16000 6875
24297 24296
10487 6167
16281 16279
24813 7445
10772 10766
9550 21835
20530 26827
20408 11180
10506 10503
10773 10767
1747 18620
2763 15970
10773 10623
6513 7995
10623 6334
21562 21496
24780 11446
6351 9659
16388 15973
28040 28039
7796 13013
23799 16305
23150 992
19145 11306
23111 23366
28041 28040
26772 8000
7769 24142
7955 25172
1560 16448
16453 17428
6802 6799
23393 992
11950 13357
16816 16814
21837 21835
6875 10058
26841 22485
10509 10503
23399 23150
28040 294
10771 10768
12134 992
11203 11185
10799 3962
9340 24207
25089 24959
27021 1928
26926 24142
10771 10624
8962 9065
4262 12501
10558 2523
11047 11202
28043 28039
20427 16120
3758 15973
2008 11345
17719 12134
10487 6291
28044 28040
17428 6966
10535 5959
10859 10858
10623 10767
26947 26946
21401 21402
9811 14235
7995 17655
21836 9550
8674 8675
12068 3540
20402 17990
8715 27780
11201 4857
21677 20524
15901 15979
23743 17315
23396 992
15965 17312
1648 26965
23986 23983
7574 17719
3298 15970
21840 21835
20644 20762
10774 10769
22742 21643
28043 294
11942 2474
19208 22718
23666 17719
12291 12691
26774 17559
7955 25008
10768 6650
19208 19312
27358 11050
26586 6778
10564 10563
13603 13602
28043 28042
8677 8675
23398 23394
1069 8180
6340 9434
7955 25394
27184 27005
25070 25069
27021 26983
25631 25407
9065 7974
4849 11231
9414 9290
24295 24296
8947 23150
10770 10766
3298 16202
11294 11180
23395 1493
6291 6293
1095 7427
10774 10772
20502 20501
20600 16643
16298 16413
8962 7975
11193 11249
25503 25500
22177 22776
17479 20331
28046 28043
6606 8497
22658 20870
67 2389
6344 2526
10636 10635
10535 6531
7790 1903
1095 20851
20734 21022
16363 15966
3129 693
19826 22567
16000 6874
1095 25173
16388 27780
10773 10766
26926 26834
10507 10503
12728 12501
7803 20514
10769 10768
10624 6334
1516 1008
11494 14555
11212 11050
28041 28039
23150 23393
11493 9937
6833 7073
11168 11043
25097 3051
24961 19894
28042 28040
25088 24959
1012 8649
23111 23666
2895 71
25420 17597
8947 23395
1928 11137
22567 27336
24814 24813
8111 6800
23394 992
9859 9518
24428 13257
21401 20629
27336 27711
17223 16413
4825 10650
16817 16814
18957 17655
18317 19164
3758 27780
21446 1568
28041 294
20629 22485
10772 10768
1526 7427
10506 10505
10772 10624
24493 15700
2027 12031
21264 22888
10535 5958
79 5173
28044 28039
17370 17348
10636 6126
10624 10767
20586 17990
1008 8497
11155 11156
27021 7803
23396 23393
22202 22101
23397 992
11762 12135
20409 20629
20851 22817
6799 3385
1526 25173
26832 26827
1008 9413
28044 294
6451 26586
490 267
7692 27172
10509 10505
11227 11050
10771 10770
1832 7357
491 7178
11476 24034
11185 1110
6385 6382
6334 10766
26835 24142
11047 11204
9340 16746
28043 28041
15901 8649
23398 23393
10856 10855
10487 6293
8327 16814
28044 28042
23838 17312
4042 10486
26772 20680
23399 23394
15965 23838
10565 6334
22389 20870
7974 7771
6787 16201
23907 16746
11713 11716
23742 17316
6802 3385
16579 16570
1663 23712
1648 26967
21327 21581
21840 21837
6875 15913
10774 10771
8947 1493
11201 2356
22177 25808
26832 26830
1526 22817
9416 9412
9414 16621
9413 7128
3542 4825
10650 3542
17479 3598
14768 19263
11041 11128
21058 20731
1454 5916
5585 3146
11211 11050
7558 7559
17076 20484
11041 11249
23398 23396
6480 6478
11168 98
10565 10767
11793 11792
6491 6492
10565 10623
10769 10767
20480 22164
23395 19804
10770 10768
6202 24123
11377 26901
6828 8715
23113 12134
23786 26492
16279 16280
7345 6875
20786 27761
6451 6778
26991 26790
28042 28039
14028 14195
28045 28044
7747 16196
26820 17559
7229 7230
28046 28045
11128 11127
8947 23394
24160 11254
10635 6126
22414 21643
20382 20600
21306 21479
27315 1794
12575 12576
2306 4378
18789 11196
7955 7427
16363 8649
9779 1832
17246 21047
26830 26827
6036 4567
16281 16280
7197 9325
11494 24523
10635 4382
28042 294
6333 6138
21622 20524
10506 10504
497 496
10773 10768
25173 25172
21732 20661
10507 10505
16388 16298
23396 23150
10773 10624
21042 20479
9859 16970
5173 3653
1095 25008
4490 12141
21842 9550
23397 23393
8947 23397
16538 7444
12989 5322
21244 21242
21837 21836
26958 11137
23743 23742
16817 16816
27152 26845
11860 12045
10768 6334
10771 10769
21838 21836
17812 18621
25070 5119
10772 10770
2475 2474
10535 10534
20530 26831
16226 17106
17559 21860
28044 28041
23399 23393
6606 728
23987 24237
24728 24729
10624 10769
6382 6388
6293 6167
3125 3126
23743 17316
17339 17340
27336 11344
5134 6144
27308 26966
11823 11824
6821 6816
24574 27308
11047 11108
2524 6521
7955 22817
15921 15966
9335 21495
7127 3566
6054 6127
20780 20436
3170 7986
10767 10766
10509 10507
10768 10767
24574 22855
11041 11127
10768 10623
27184 11344
22023 25088
27358 11231
6833 16157
25808 10161
15914 15940
8677 8676
23398 23395
10856 10857
8327 16816
23399 23396
4382 6126
10565 10766
22292 24961
20999 21246
11249 1110
11203 11202
10535 571
26934 6981
20780 20426
8025 8498
22076 22074
26790 11137
17479 20764
2093 1570
10770 10767
8947 19804
26958 19208
19208 24142
21840 21839
10774 10773
24383 24382
23571 22023
3894 8765
10487 6658
10505 10504
27163 26937
9416 9414
28046 28044
22776 10161
5119 25069
1475 716
15909 15936
27241 27242
6253 6316
23148 17100
9414 16371
26845 24160
14641 2578
6351 26486
16196 6966
9780 1832
26831 26827
12270 11831
9389 9494
16579 9858
26926 26835
938 8
10507 10504
21306 9068
7379 17106
23397 23150
10508 10504
11251 24283
8303 8301
23150 23394
20408 756
17428 16196
28042 28041
15318 16137
7697 7975
26847 24160
9659 26486
9589 16362
12510 24221
26967 26965
1012 9589
16725 16346
9780 9779
8947 23396
6637 9162
26772 344
25631 25630
6818 6815
6956 15910
12455 2570
2763 6956
23398 1493
9589 15966
21838 21835
20323 21311
10772 10769
15979 15980
1429 6592
21839 21836
8160 7345
20530 26830
26831 26830
10773 10770
11339 6980
20382 16643
7769 19208
10774 6650
7790 7073
11861 496
21401 22485
11231 11211
1493 992
2708 24035
10624 10768
9518 16413
6382 6387
2763 3298
6531 5958
23148 15974
5840 1116
12276 12501
27302 26922
26991 11339
23396 23394
1928 26790
22200 20372
7357 294
15974 17168
1832 9066
16388 6828
1648 17467
6591 6124
6821 6815
21389 20687
20520 20763
9413 8497
26926 19208
8947 23399
23571 25088
21480 21479
26820 26774
1931 9718
19208 26834
3562 12296
20401 20402
7697 7510
19173 24072
20993 25009
7574 12134
11193 1110
3594 16305
10509 10506
6522 6267
15901 17340
10768 10766
12141 14769
20752 20753
22855 26966
26953 6980
10503 10504
6334 10767
20698 21276
5388 15318
21831 11483
28044 28043
23399 23395
6250 2523
6143 10799
26958 20578
3298 6956
6787 16202
3758 6828
21221 21065
11204 11202
3117 3762
7019 7585
7803 756
17428 9606
23945 25117
21840 21838
1832 294
26832 26831
1928 756
20680 344
10505 10503
7510 7771
98 11043
15910 15936
24068 24382
26947 24207
9065 7771
20826 20647
23398 23397
10856 10859
6480 6479
6828 15973
18240 23740
23399 23398
16202 16201
10565 10768
23705 5388
25148 23042
11047 11185
21741 21598
20762 17076
21625 20712
2999 14067
11794 11793
21836 21835
17479 20766
4378 19196
12646 12647
22023 24959
11339 26790
10770 10769
10508 10503
28039 294
22702 21311
16588 6828
27308 22855
10473 6088
25173 7427
12011 12931
1700 6085
4849 11211
806 12553
7394 16567
8901 8556
16824 15973
24428 24427
10534 5959
3566 8156
27367 27348
4857 18771
4290 19181
6250 10558
24574 26966
12076 2951
12069 12068
6819 6815
3207 12136
2684 12095
26841 11180
4042 4041
17479 8827
23395 992
7510 9063
6820 6816
26989 26772
16832 7444
23399 1493
4134 4309
21839 21835
10161 21496
10773 10769
16388 8715
14085 14083
6081 6332
15901 3758
1095 22817
10507 10506
9596 8025
2362 1584
20378 22566
26953 26790
10508 10506
20629 8943
17812 11349
6492 5880
11201 18771
13033 2680
7539 17181
15973 8715
7394 7000
19424 19426
24117 3448
16156 16155
12035 11656
23397 23394
11147 756
16239 6920
8947 23398
10623 6650
21460 21276
21244 21243
7350 6827
6818 6817
23398 19804
23314 3595
15901 17339
21838 21837
23030 25420
13329 12081
13257 24399
25089 22023
21480 9068
10772 10771
2708 6124
21839 21838
16429 992
6874 6875
20530 26832
21842 21843
10773 10772
27358 4849
11494 24383
19385 19165
19362 18129
5839 5840
10624 10770
7738 16491
16321 6799
10774 10565
20855 10161
20766 20440
10534 6531
9937 24068
20379 20525
20524 20763
19367 25396
11718 14841
6821 6817
6776 7569
26835 19208
6003 23488
26841 11294
8411 6775
8836 14466
10509 10508
17315 7117
11056 1372
8497 11249
20501 20499
6127 2706
17168 6811
1389 12797
9550 21843
6828 6811
22293 21831
17467 26965
10949 6242
16588 8715
9066 7357
10856 10858
8327 16817
2356 4857
18240 23739
21323 20814
12134 23111
23399 23397
6481 6479
20352 20353
221 2495
16110 22389
20530 26812
12237 14083
22292 19894
4793 6637
25008 20851
20780 20427
8962 7771
22076 22075
6874 10058
21773 22074
11794 11792
11707 13481
14315 11724
756 26983
3042 2049
944 23507
25008 25173
11860 11859
8411 23739
6531 571
3595 12033
6588 2273
23366 17719
9659 6513
9340 26947
12179 14091
17454 9723
9393 7296
20426 20436
10534 5958
11047 1110
490 13599
4043 1584
19433 18905
11108 11185
6143 6590
5961 6433
25148 21899
13711 8180
23042 25220
7402 8999
14473 13198
2944 6981
26847 11254
23394 23393
27337 8000
11110 3273
12554 12553
10558 5914
20851 25172
22389 22561
6480 6481
25089 25088
6820 6815
23395 23393
6980 1928
9734 3294
10565 10770
571 5958
19426 23983
10774 6334
67 454
17479 21550
7073 16156
13495 13493
17475 23651
19826 27336
16571 16685
7200 8096
21449 21162
25574 25408
14042 9811
10508 10505
12985 11971
8303 8302
517 1570
10771 6650
14847 1204
11041 8497
8962 9063
26812 26827
13034 2680
21401 26841
22040 21464
9589 16363
26967 26966
454 2389
19804 992
11043 1372
6333 10473
992 4953
22810 20335
4041 10486
6956 15970
8397 7196
16021 24897
24207 26946
17100 6811
6818 6816
6291 6167
10624 6650
23906 16746
24513 24514
2181 11211
6819 6817
23399 19804
25407 25630
6757 16376
16001 6875
7510 9065
24814 7445
16001 16000
15924 6920
26965 24022
21839 21837
11833 11834
10773 10771
8487 16371
7526 8111
11494 24382
17223 9518
10774 10623
16453 9606
23857 11354
11045 11086
490 230
11861 497
1928 20578
6762 23786
21623 20649
6253 10704
26934 23373
21401 26808
16195 16000
11110 11043
26812 26830
27021 20408
9596 8498
11995 11994
2362 4043
23396 23395
27329 4165
221 1516
7581 3566
23397 23396
27308 27676
23571 25089
26975 26829
27163 233
20505 20412
16429 4953
13194 13193
13944 11476
11306 20938
8497 11042
22074 22075
11349 18621
17246 20752
4970 8450
5850 6019
3894 6619
11110 11056
21042 20472
4793 9162
10704 6316
1585 19820
16571 2763
12141 14770
16832 16538
12553 7432
18552 18550
5388 16137
15910 15970
11390 12134
20502 20499
8160 10058
28045 28040
11950 11833
21460 22194
17443 863
26953 11339
6171 6172
21837 9550
12998 13766
1454 6517
12069 3540
11379 14991
24099 24188
11204 11203
23150 1493
27270 27761
7017 7018
21838 9550
11762 11875
4428 20134
27865 7526
24383 24068
21775 21773
25008 25172
6821 6819
1924 20938
5959 6531
26958 20412
20734 20732
23393 1493
24581 24582
1012 16362
24396 11476
4491 7479
9340 26946
13944 24396
14094 12555
9589 15901
20408 26983
22177 10161
11185 11202
23395 23150
8301 8302
18199 952
6762 7155
20427 20436
24400 24399
21562 20855
10769 6650
24383 9937
21221 22777
23986 19426
17622 25148
20472 22164
6385 6387
26575 7218
26965 26966
11344 27711
23839 15965
21840 9550
17222 25070
9779 61
16432 20600
10565 10769
27358 11211
7073 16155
12237 14085
11108 1110
13496 13493
8827 21463
6817 6816
5910 5846
26808 21402
23982 24514
23111 17719
23396 1493
7073 1903
20427 20426
24092 24093
20780 16120
20762 20761
7955 1095
4970 16606
21480 21306
267 756
590 2721
10772 6650
3117 12639
6388 6387
23113 11390
18612 19173
7219 7218
10859 10855
26967 17467
22817 25248
12639 3762
27305 27145
14178 973
8160 6874
26832 26812
20855 21496
5959 5958
6819 6816
16001 6874
16242 16534
61 1832
23799 3594
6820 6817
6874 15913
13711 1069
10774 10766
4290 1668
14085 14084
2524 6337
965 19362
15901 16362
4134 9270
12728 12276
26974 756
20505 26958
21677 20763
19145 20938
9340 23906
18446 25403
10508 10507
12011 14211
11147 26974
11127 11046
27865 8111
8497 7128
15901 15966
2355 4857
23907 23906
11391 4187
21314 21627
21401 8943
23397 23395
8487 9414
7803 26983
10771 10565
14769 14770
693 12063
3129 12063
5579 5439
6606 11249
26958 19312
25425 20689
7769 6811
10534 571
1928 26983
8715 6811
13257 24400
3572 17076
20408 7803
17788 19385
10624 10565
11467 23119
2944 26934
22855 27676
28045 28039
7995 455
28046 28040
23148 17168
7424 11076
20520 20524
25671 25574
24730 24728
25808 22776
4490 14770
21559 20486
6591 2708
8676 8674
23398 992
6478 6479
21839 9550
26847 11105
11832 11709
6821 6818
7510 7974
11971 13481
6787 3298
8962 7697
11048 11111
13194 13195
28045 294
6138 10473
8649 16362
22777 21065
6815 6816
26773 17778
23394 1493
10770 6650
3758 16388
17467 26966
24393 24394
10857 10855
12296 14687
8649 15966
17222 25069
22817 25172
23839 17312
26576 7218
16363 16362
28045 28042
20480 20827
5075 24022
17479 21463
11243 11155
11707 3562
16685 2763
23150 19804
9780 61
11833 13357
7955 1526
11494 24099
12237 14084
16362 15966
7402 16100
22702 20323
6817 6815
20851 7427
1832 3294
23982 24513
17315 17316
10771 6334
27021 756
20479 20472
23393 19804
23397 1493
8411 23740
24297 24295
23314 13015
11231 11050
22292 25012
11306 1924
27676 26966
16388 6811
10773 6650
9066 294
19145 24281
20408 26841
12387 507
21619 21477
10618 5845
26790 20578
8411 18240
6811 27780
15973 27780
21677 20520
16001 15913
26989 20680
24574 27676
20851 25173
22293 11483
15973 6811
11493 79
23395 23394
1493 19804
13495 13494
11930 3170
26926 7769
8962 7510
21242 21243
23396 19804
13496 13495
7427 25172
9518 16363
1516 9413
16432 16643
10771 10767
11930 7986
11204 11185
7219 26576
17788 19165
12984 12501
13034 13033
3758 6811
17428 7747
10771 10623
3653 4134
10556 10555
