28085 1511
6606 11042
23960 18053
5194 19470
21626 21627
23907 23905
8360 25439
17190 27553
5889 5887
23112 15713
53 2231
27165 27253
24188 24454
17105 7974
4042 19873
14247 13906
27440 25013
25271 25240
17312 23090
22965 5607
25608 2496
24663 18712
6606 2244
11714 14503
11446 24780
20375 23081
24022 27660
27329 17044
7402 7403
21821 21820
14432 23090
27031 20886
8160 26451
17607 22197
7705 17505
27151 26958
6587 6588
26451 3314
11307 11123
21057 11257
24237 24071
20578 233
4709 27151
9660 3209
7769 11374
21058 22040
4491 14770
24453 24454
2599 24022
26793 21076
23365 6592
2684 13665
12976 11723
21286 20712
23366 405
21067 24991
3215 3214
11056 3273
23495 18199
8568 7167
4970 8451
4878 16361
26812 11123
509 91
20761 17076
26845 26841
9414 16608
20426 20649
24979 27551
20645 22679
27554 24979
16388 16413
9395 16222
9663 8803
28001 27999
19032 27410
23271 23270
2944 23373
27329 4709
23571 24959
10196 26829
25398 4472
24124 24125
16895 16896
5526 5527
26835 11120
23840 17312
24438 24437
19996 19995
24456 24454
2599 27660
23960 18396
460 1007
8649 1484
18976 18977
9395 15911
4811 6318
21775 21774
863 27145
11241 11243
5219 1947
24616 1007
11123 26828
9739 16516
19958 20884
7510 16054
11214 9275
27151 4140
2004 11406
21627 21624
27414 27410
455 16567
2680 11774
20335 21257
19263 11440
23839 23838
24127 24125
4490 13414
4878 9395
11257 27150
10224 7790
16222 7164
20855 20856
13257 812
21066 16609
27209 11413
16680 20995
16158 16160
23906 23905
24069 19173
8962 16055
11127 11211
12934 12846
4007 591
11320 909
1069 15985
16748 26993
2892 10474
17144 23960
7870 6902
27906 8084
21079 21889
2176 68
11041 6606
11631 11624
18510 18511
9815 23266
16029 16028
4134 18730
27358 26946
21057 11145
5852 6143
7692 9389
24223 24734
16746 23905
16358 7730
25937 26901
11419 1924
17505 22761
7323 27957
19470 19469
26829 11123
26858 17044
13063 13602
26198 23041
7415 8190
14031 15750
27391 23816
74 460
573 27119
27270 20786
7424 21076
61 4987
13415 4491
2684 11989
7954 26790
27630 27629
21068 22112
382 2683
24595 24596
9340 23907
10088 2338
9636 6787
11494 24454
15947 16222
27998 27997
27661 2599
27288 21076
10224 7073
18511 18708
17505 7704
27999 27998
16120 20436
20426 16120
20375 27415
9663 15938
11114 11113
26943 26941
26517 7207
19822 26793
11433 18414
8000 26855
8658 8659
4375 77
27552 27551
16941 27875
23990 2105
13665 14046
23373 6981
17654 11043
22054 22053
18614 24591
6811 17168
27230 11406
26974 27170
13415 14810
26944 27264
27413 8000
15911 15966
16405 7870
13257 24437
11201 2355
8593 16621
10196 26828
7405 16226
27412 27410
14722 12164
15948 20993
20726 20774
27754 27375
3294 16323
17618 23153
21947 20856
20446 20761
11265 23816
21888 22383
11573 11630
27555 27551
27151 26793
14810 14770
20780 22713
24979 22292
11123 26827
24617 1007
21522 24899
9416 16684
20419 22068
52 6148
23366 10471
24426 11391
11529 11128
16371 9416
863 17443
5075 6784
27410 27411
21441 24915
22810 21257
23840 23838
6828 16298
4491 13414
21623 22713
7427 756
26828 1656
24327 24041
20375 25013
16344 16121
2244 517
8220 806
10224 1903
4041 4439
27675 24574
9414 7547
12855 26845
16358 6836
8962 16054
27225 27226
11043 11167
20511 2363
4134 19426
17170 11216
3738 7677
15655 5933
11338 11322
4007 19995
20486 21559
23259 2342
27413 19032
10196 11123
9596 6289
11052 756
8450 8451
10196 26929
25398 25397
6010 12650
17105 17071
11341 77
17479 22236
9340 27358
26835 11076
27413 27411
27996 27997
27414 27412
23839 23840
7721 8669
16942 16941
27413 24908
11780 11652
27264 17646
2601 19970
14907 9520
11112 11113
16680 24897
22356 573
17105 17349
17646 26941
26859 17044
24722 23756
20780 21623
26812 1656
18427 12495
25272 24982
11406 11302
22628 20486
23393 992
16932 16315
25327 19032
4878 15911
11494 24188
16680 27619
20726 20577
7167 107
11494 24453
24962 25327
9596 1947
5789 11602
7424 11145
25327 27411
24574 27402
25646 22023
27864 16059
3758 15973
25406 19338
15756 17979
24962 19032
17144 18053
7247 10172
26947 26946
7559 23770
25327 24908
405 6592
7656 2648
18484 18617
27349 22761
25139 24973
11713 11714
3737 1747
24069 18612
27630 9453
27553 27551
16942 27875
11196 11195
19696 24100
4848 6833
19165 17788
13283 9815
15965 17312
15965 23090
14161 14370
16361 6811
3056 1390
2004 22993
2337 2228
6138 5968
20409 20630
11254 11406
27414 8000
24962 24908
20995 24897
11942 2474
12855 19208
6811 7875
20375 27440
24616 18614
16315 27875
27416 27415
11494 24456
25139 7171
21058 22041
15756 16778
20843 20841
3295 10172
13603 13602
27552 22292
221 5225
24784 14154
20995 27619
23838 15965
13625 13626
20472 20524
25608 11419
8108 8109
4082 2450
1829 3209
6811 15966
11433 24459
11147 11413
5933 5934
20489 27150
10471 405
2708 6681
8497 728
24979 27552
7178 14339
23770 7558
11630 11624
20754 20372
24973 27630
13283 23265
16298 16413
634 509
6387 6382
11193 11249
6773 8669
19969 3041
11180 11050
26829 1656
23839 23090
19363 4134
22197 22196
4878 15966
3595 11707
11433 20886
18396 18053
27555 22292
6606 8497
16222 3298
77 11213
13906 14245
8192 8214
11694 12704
19741 19742
22777 22776
9561 24899
15974 15921
17144 18396
4140 21076
11147 27209
27255 573
27151 7426
7790 1903
20513 26122
9395 6787
21422 21423
21076 7954
4163 8084
7426 27375
27414 19032
9739 16517
9631 16489
733 734
11550 12035
27667 27326
4848 16157
24979 17311
20764 8827
24093 11476
27414 27411
3566 6795
8501 9561
27754 26958
24574 27326
24281 26844
17190 19894
25139 27629
8360 16239
11493 9937
27414 24908
7574 7867
11717 11716
24616 24591
27230 22993
2245 11338
27314 1794
19958 760
12262 13887
25439 16239
19363 19426
19856 19853
16851 27881
9556 7875
27412 8000
27375 4140
6301 6300
20409 20410
11749 11537
27358 26947
25327 27410
12546 3595
7197 7196
17618 17334
24493 15700
21264 22888
17370 17348
21246 21936
26773 27354
19937 2004
17654 11365
15638 24523
11147 7424
2181 11127
3448 14246
8568 10233
11196 11194
24784 24780
24962 27410
8682 20579
27253 233
6091 517
27554 27551
11043 11365
20409 20629
5612 8023
22776 21555
3298 5388
22356 27119
17655 4289
7648 11552
7415 9889
17349 7974
22777 21555
23081 27416
11494 24455
24617 18614
11189 20472
27754 4140
16941 16932
3370 19385
9412 9411
11374 26790
21057 26834
26859 26858
491 7178
27230 2004
12011 4041
6385 6382
25327 27413
18612 1795
20375 27416
19263 15985
9340 16746
24326 24041
25013 19080
24459 18414
27553 22292
24902 23041
23838 17312
10196 1656
26829 26812
12978 11949
23366 6592
15947 6787
26845 19208
23907 16746
9270 18730
27241 863
11861 10876
27412 19032
17315 10186
11307 267
8501 21522
20580 20335
15948 15949
21327 21581
1656 26827
16197 20445
14049 14050
13257 24438
24973 27629
2763 16567
11201 2356
4778 1384
21058 20754
27412 27411
6388 6382
9414 16621
23840 23090
1947 11326
27305 24022
8192 8213
5388 6797
27412 24908
17071 7974
9416 7547
9891 15913
2600 1390
27661 27305
19196 4378
11573 11631
27555 27552
3370 17788
756 26790
18414 20886
13588 12514
17044 20680
27552 17311
8396 6793
11550 12034
26832 1794
24437 812
15947 27844
9416 16685
2163 733
6549 6289
20764 21550
2090 6755
16258 8084
26819 17559
20786 27761
13283 23267
12822 26993
11322 9559
27305 27660
26895 27267
8767 2517
11947 11948
22961 21017
24457 24188
25475 15949
16916 8062
20446 20644
26820 17559
5075 7171
24457 24453
24617 24591
27314 20511
27555 17190
16120 16121
74 24616
7692 26818
23270 9815
77 454
11855 11842
27555 17311
27709 24459
4007 19996
10340 16358
230 19099
6323 6318
11832 13700
11713 14503
6301 6299
20426 22713
11494 24523
5234 2338
27255 27119
25139 9453
21475 20734
27413 27412
16388 16298
27414 27413
11327 11326
3370 19165
20895 21628
11306 11123
3595 3562
3894 7156
7704 22761
6549 1947
27654 26958
25139 27631
3448 14245
16061 9236
21422 22053
7171 27630
27709 20886
9236 16060
6797 9489
25646 24959
16724 7715
26958 27375
7426 26958
15940 23705
24574 27305
16490 27784
5076 22042
12989 5322
19937 11406
10196 26812
21066 24991
19822 6351
21244 21242
23081 27415
7633 16648
7547 16608
1372 11042
15712 2355
1069 19263
1389 12034
10340 7730
11076 11145
23270 23265
25070 5119
12177 11837
16942 16932
8682 20712
25327 27412
11129 20578
23271 23266
7769 7424
15288 22336
24616 460
26929 22383
27554 22292
6606 728
5938 26378
16140 16141
1503 8213
107 10233
7171 24973
27553 27552
24962 27412
2356 15712
9859 9860
3695 13163
3214 11398
20426 21623
23112 8674
24979 19894
27334 27225
8455 1411
8000 19032
6549 9596
20780 20436
6548 5961
11494 24457
11296 15353
7424 26834
11631 11630
12646 13185
17499 7547
11391 2529
4134 24069
6833 16157
8000 27411
24455 24188
26877 7782
15914 15940
24455 24453
20511 1794
16432 23041
7426 4140
21051 22340
27449 24982
8000 24908
4709 7424
23268 9815
20999 21246
24973 9453
27553 17311
20874 20577
4709 26793
20780 20426
8025 8498
25327 8000
17479 20764
13603 13063
11291 11292
12650 12651
6827 7357
16748 12822
28002 27996
26829 26827
5890 5986
16344 7405
13283 23266
14665 14666
7769 7875
21058 22068
24078 16463
9395 6811
12855 4165
23495 952
24459 20886
22776 10161
1475 716
1007 24591
24962 8000
25054 28005
13906 14246
5234 10088
13091 1790
6606 806
16621 7547
9971 27135
4490 14810
11497 3273
25646 23571
23271 9815
24908 19032
27165 11419
27555 27554
16346 16323
16980 9034
25231 23041
9777 5024
6773 7721
16825 16824
9389 9494
26926 26835
21057 7424
634 91
12125 12123
21245 21246
27661 24022
20686 22042
433 2172
15911 6811
23268 23265
10340 6836
20761 20644
17044 4709
15940 14193
27479 25070
16061 16060
25139 27630
27159 22993
7171 27629
7705 22761
13283 23269
9414 5479
17311 22292
20764 22576
17349 17071
21477 20828
20734 21278
24457 24455
5219 6549
16160 16159
11254 1411
18481 79
16941 16315
9395 7164
17990 18686
20054 27153
11194 11195
2684 14046
14838 14839
2763 455
13415 14770
16725 16323
26943 27264
20323 21311
17823 23770
27264 26941
27661 27660
24617 74
1947 6289
23271 23265
2706 6054
8110 26448
7790 7073
7209 7207
11254 8455
23705 14193
25936 27267
24617 460
7424 27288
1162 5847
3448 14247
16825 3298
25608 233
11145 26834
24962 27411
12034 11656
24069 1795
460 18614
27554 27552
27754 7426
27552 19894
11806 14049
8487 16697
16298 7200
27844 3298
24574 27307
20746 22158
17190 24979
7171 6784
3215 11398
19894 22292
23267 9815
11824 11823
19173 24072
7167 10233
7692 6793
20335 21252
28000 27996
23270 23267
14432 15965
2363 11046
8000 27410
25327 27414
26517 7209
7559 7558
22498 22499
16346 3294
22761 27159
20999 21245
27555 19894
6174 3058
11265 27391
23269 9815
11296 2389
27554 17311
25134 24897
24962 27414
12628 12627
20764 21463
10471 6592
25924 25925
27165 25608
17246 20332
23816 26958
1503 8192
24282 19145
11123 1656
8190 9889
25134 27619
19995 591
27151 21076
6127 6054
17315 7697
19996 591
5612 806
22235 22236
19937 22993
7604 6773
4491 14810
27555 27553
6757 15913
5219 11842
8360 4163
20661 20579
16725 3294
11694 12223
15947 7164
11421 11656
6323 4811
11721 13754
7471 16344
21773 21774
27848 27847
12883 12884
24908 27410
23153 17334
21741 21598
21128 19906
20774 20577
2163 734
460 24591
22023 24959
21058 20372
2244 6091
6299 6300
23269 23265
22702 21311
2951 12076
6956 8901
25439 4163
28002 27998
230 1475
13283 23268
11327 1947
16054 16055
11050 98
8901 8556
3448 13906
20577 4849
24457 24454
23404 5939
21058 17990
26958 4140
24780 14154
16942 16315
27906 16258
20726 26269
19385 17788
9395 6790
12069 12068
8568 107
22742 22650
2600 3056
17479 8827
15969 15966
15318 5388
8501 24899
6811 9556
4134 4309
7171 9453
11661 1023
27847 16594
26820 26819
16027 16028
26937 26437
7424 7954
23268 23267
6637 1567
9340 23905
5961 5979
26468 3894
17190 22292
3085 21842
2004 11302
6406 3742
7171 27631
13283 23271
4878 6811
14394 3560
21067 16609
6773 10216
2273 6587
26812 26828
27551 22292
58 59
21475 21278
12035 11656
21888 26929
16685 16684
16141 21661
27288 7954
27553 19894
7471 16121
17499 16608
27667 24574
382 4585
7073 7071
21244 21243
10196 22383
17348 6797
8771 2648
26895 25936
1372 11043
12628 4041
21311 21534
23270 23266
17499 16621
9414 6747
28001 27996
9395 9394
14432 17312
23271 23267
6874 6875
14966 14967
20577 26269
27619 24897
23838 23090
142 8795
9014 10726
4491 4490
19471 19469
1503 8214
15914 6790
9395 9636
26944 17646
13415 13414
24962 27413
20472 22028
14246 14245
20513 27021
23839 14432
5219 6289
14247 14246
11758 11759
23365 405
16621 16608
20686 5076
11257 20489
27631 27629
6003 23488
8796 8795
22023 23571
11307 11306
1529 19741
19471 5194
20579 20712
11076 26834
26949 27307
19937 11302
11374 7954
356 455
28000 27998
6875 7933
23270 23269
11363 1794
6127 2706
20855 21900
18957 7574
74 1007
26944 26941
24455 24454
7128 7782
24902 26198
3117 10324
25008 22801
9453 27629
20774 26269
18195 21494
16680 25134
27675 27402
16516 16517
9394 6790
3042 2049
20419 21058
972 2026
26828 26827
16406 7870
7692 9494
27230 11302
9014 9659
4709 4140
26829 26828
1372 8497
28002 27997
23265 23266
26926 11076
16594 16593
20661 20712
9659 1180
9340 26947
12179 14091
17979 16778
6388 6385
27401 26846
15985 6951
20426 20436
24126 24124
3448 11726
16660 16659
11180 98
25608 27253
4169 496
2944 6981
18882 26736
7656 8771
22389 22561
16298 17452
27847 16593
17479 21550
67 454
27314 26832
27848 16594
17076 20644
12125 12124
9270 24069
22054 21422
62 460
23268 23266
17654 1372
23269 23267
20460 21327
28002 28000
13283 23270
9725 9723
20995 25134
2684 13131
11041 8497
21117 8881
26812 26827
22040 21464
11573 11624
5194 19469
5388 17348
17190 27552
24457 24456
382 972
24071 19173
20580 21257
27554 19894
24188 24453
15947 9636
17682 26973
16371 16608
10196 21888
23906 16746
26984 3269
806 6610
20780 20649
2181 11211
5219 9596
26943 17646
24428 24671
27406 26797
6811 15974
7559 17823
2496 233
11833 11834
16684 7547
21057 20489
17607 22196
4163 16239
24237 19074
491 14339
17223 9518
9494 26818
11406 22993
24068 24076
16568 9034
9395 15966
1721 4006
21057 11076
17190 17311
27440 19080
27554 27553
9596 8498
14247 14245
11806 14050
7581 3566
9631 7179
27551 17311
13194 13193
8497 11042
8396 7692
16932 27875
4970 8450
27750 25635
7432 14446
14432 23838
9659 19822
11041 11042
24327 24326
7427 26790
28000 27997
9264 5822
24237 24289
16344 16226
23270 23268
21522 9561
28001 27998
24784 11446
23271 23269
16222 6787
2517 380
18708 18510
22356 27255
24456 24188
16658 16659
13944 24033
27479 5119
13885 12198
806 8023
24456 24453
27165 233
20855 21009
27631 9453
11713 11718
2941 2140
21900 21009
27273 27272
27270 27761
6836 7730
12035 12034
8564 6857
21057 27150
15947 3298
2176 64
21775 21773
16511 523
4140 26793
20323 22702
12123 12124
23365 10471
11832 11831
9340 26946
21401 21949
3738 4389
24991 16609
21299 21821
13906 11717
6606 8220
11196 21914
18199 952
2389 15353
16660 16658
23267 23266
19958 5548
24127 24124
7604 10216
22777 10161
6385 6387
26944 26943
11344 27711
23839 15965
16406 16405
9659 10726
11147 7769
27709 11433
16222 27844
17311 19894
15948 25475
16158 16159
6811 15921
23366 23365
20335 22810
11721 13755
16432 26198
16361 15966
17443 27145
18704 728
24908 27411
20649 22713
27848 16593
25475 20993
13626 12291
27354 17778
24071 19074
8827 21463
22177 21900
12062 4491
18736 18737
7073 1903
24617 24616
23269 23266
8674 15713
27555 24979
14042 11832
20780 16120
9815 23265
16029 16027
28002 27999
3117 854
27151 27375
6787 9394
6388 6387
17190 27551
19165 19385
2522 2523
9891 6757
7125 6765
1372 11365
20874 4849
25272 27449
27242 27241
9636 16222
4389 7677
22993 11302
9389 26818
9395 16361
8783 1753
20580 22810
13415 4490
7705 7704
20460 21581
2599 27305
5841 4811
20511 11046
25231 26198
13754 13755
4134 9270
11129 233
16685 7547
13994 20503
9340 23906
17479 22576
27998 27996
6874 7933
18614 1007
7424 11374
27999 27997
21050 21051
21068 20547
2273 6588
11114 11112
16346 16725
23907 23906
11391 4187
17190 27554
11147 11374
74 18614
15911 16361
10186 7697
5889 5888
8160 3314
3129 12063
19826 17084
27329 20680
20649 21623
7769 6811
11550 11656
24902 25231
17823 7558
18730 24069
7769 9556
21022 21023
20366 10775
28001 27997
23271 23268
3129 12076
10196 26827
20446 17076
7995 455
15318 3298
21067 21066
10324 854
16597 16791
7424 11076
142 8796
3117 11405
21947 20855
19471 19470
20661 21286
3295 7247
4490 14770
3448 11626
10677 27028
20511 26832
12527 3455
9414 17499
22101 22202
16489 7179
11446 14154
7510 7974
11626 11726
27631 27630
27165 2496
6828 17452
1529 19742
21299 21820
26773 17778
11213 454
13246 13247
14432 23840
11041 11044
27665 27664
27553 24979
23267 23265
28000 27999
16982 7439
23543 3314
2245 11322
28001 28000
19032 27411
25397 4472
10406 16581
23839 17312
20480 20827
4709 21076
23840 15965
17479 21463
9660 1829
11707 3562
24456 24455
27709 18414
64 68
27242 863
2356 2355
16668 9885
24813 24814
5219 11855
74 24591
4709 20680
2496 27253
8213 8214
14042 11831
20365 6980
27631 24973
7415 7416
17479 22235
16258 9469
3170 15045
7510 16055
21626 21624
14078 3653
27413 27410
8025 9596
22177 21009
15949 20993
27754 27151
20375 19080
24126 24125
24127 24126
20367 13599
16608 9416
9723 9724
16824 3298
10161 21555
4041 12627
11341 4375
25571 25650
5887 5888
20629 20630
15973 6811
6548 5979
27551 19894
3100 1572
22199 20372
24438 812
22040 22041
8962 7510
14075 24426
21242 21243
27021 26122
5436 5435
11201 15712
22177 20855
23269 23268
15947 9395
26682 26368
27999 27996
27230 19937
3758 6811
28002 28001
9725 9724
19204 4785
