28085 1814
6990 17075
6606 11042
21626 21627
19767 21522
8118 6758
7107 23603
7127 8943
1008 6619
6335 1395
16746 23906
12237 12235
27318 14923
7117 6763
8498 6606
416 1496
16460 16458
26403 19647
15947 27838
7107 26613
26754 26751
17246 20521
27021 11294
2356 11473
27336 17084
6291 7107
23350 844
17479 20350
6787 27839
27682 6057
11273 27103
12822 973
13778 11598
18414 23373
21395 18414
26821 26818
11910 13107
5161 7269
17607 22197
26614 16811
27157 6064
11687 11637
11896 9187
9251 4955
13765 13357
26617 26615
3117 3182
26618 26616
6765 7125
4134 7178
24574 27103
20621 20382
27121 26907
21058 22040
6981 7243
21477 12984
1947 11179
9264 5051
17076 20445
26615 6166
20726 21423
19826 21395
11241 11155
2074 11076
27858 27852
13962 149
19507 11326
12034 11550
27839 27838
7703 8553
21503 21501
12976 11723
21286 20712
13033 11965
21494 10161
14161 15792
17076 17075
22077 17571
17246 20524
26845 26841
20426 20649
6788 9542
18414 6981
27152 27379
26620 26615
21622 20531
26617 6166
8962 7974
20764 20765
26613 26612
6765 7465
11718 11713
23603 16811
24438 24437
8360 16621
6606 8496
16462 16461
20702 26838
27842 27839
9756 27846
25404 25577
18976 18977
21163 21162
21451 22203
24223 24224
9395 27840
416 756
3298 16155
21559 20838
16432 20382
6800 1922
11241 11243
11780 11637
7071 16156
19958 20884
20486 20631
2267 16210
17076 3572
27151 4140
21627 21624
26756 22077
9366 19164
26616 26612
2680 11774
20335 21257
26619 26617
5173 267
10871 7107
27315 21402
11327 11179
18128 965
5388 2406
7766 8409
12563 11650
20577 21809
27157 27317
18414 15700
26974 27115
12525 12526
13257 812
27845 27839
6291 26616
8719 2068
11297 11128
21311 7782
12934 12846
11472 2355
23603 26613
8592 21031
26752 26751
19937 20937
7569 3298
11056 11043
20855 21278
14105 11652
24237 10656
21044 21522
4849 20577
11041 6606
2004 7954
11724 15644
3298 17555
831 2026
21032 21031
10487 6662
11076 12984
27669 26844
16726 8493
20753 21881
14736 11877
7995 7095
11167 17654
16367 7019
26615 26614
21501 21222
26619 7107
12543 12542
7323 27957
11656 11550
12262 12263
18128 19362
20851 20853
27103 4044
7107 26612
6218 5051
14245 14246
20472 20447
7569 15940
5612 5915
17479 22070
27844 27841
26755 26751
25560 25414
14031 15750
27845 27842
8901 16155
6787 27838
9514 2763
27323 26799
16388 7320
5915 8023
7769 2271
11345 18612
7071 7073
2684 11989
7129 7954
21504 20342
17503 17071
21068 22112
13962 15591
16226 7379
20762 20644
23058 17452
11177 27142
11494 24454
23642 9366
7569 2074
26618 26615
2684 10160
13033 13034
27727 18414
11056 2356
21504 21222
11177 21076
3566 8943
27405 27115
9550 8827
11180 27682
2074 3298
2430 11713
11971 12985
11433 18414
26616 6166
3562 11718
7558 23770
3339 14907
7019 7017
11583 11713
21446 23324
27839 27837
12775 7648
202 20377
25400 25616
6792 3298
16207 7500
11472 11473
27840 27838
16941 27875
23990 2105
15947 27840
21287 20712
13034 11965
7107 26615
23373 6981
4389 18298
26754 26753
24271 24346
21677 20525
7692 17182
17242 9414
16818 16814
3560 14394
20530 8319
25597 20689
7085 294
12996 24397
6956 3298
16432 21065
1152 12655
25414 20689
13257 24437
8550 27914
12668 2988
2004 7129
6990 10206
2906 16880
11808 14144
7073 7351
12554 7432
27085 11294
13089 11877
11307 26810
14722 12164
4787 2105
2948 9414
26618 6166
26614 26612
3294 16323
20520 20525
2684 13016
17618 23153
19696 2242
21315 10328
1429 4129
11724 15699
21163 21161
11179 11326
9395 27839
24327 15829
20887 21522
5062 12495
12822 26822
79 267
27843 27838
8487 16472
7510 7975
27405 26974
23324 5887
7107 6166
21311 8501
16209 16207
24282 20939
14161 15794
27405 26830
11860 12604
7416 7415
20577 21422
20372 7992
6792 2074
13944 24432
6776 3298
27104 27103
4389 9081
17076 6990
23351 16880
5075 6784
15797 14370
8023 15712
17479 20440
22810 21257
26620 26617
16350 16388
22174 20372
20761 20762
9185 8771
24327 24041
26935 27159
8242 16137
27329 22094
11243 11156
23603 26612
27841 27840
2271 27159
24170 14007
26752 26750
23642 18317
21395 17084
27842 27841
27846 6757
2355 11473
1269 19428
9395 27842
13742 12273
26753 26750
4941 7067
9596 6289
15544 26481
2271 27316
15940 3298
8158 9066
9414 12893
19826 22568
8501 8502
24574 27085
490 11180
17084 15700
17105 17071
5388 3298
27021 2599
9340 27358
20408 11180
27143 27142
19428 1180
15797 15793
6166 16811
9398 9399
26615 26613
11861 13145
6418 26453
7790 10224
26616 26614
1151 5161
9264 953
16006 15908
21502 21222
7770 7771
26620 7107
14991 18559
9756 27838
11949 11164
12544 12542
9723 9725
7424 19822
26614 6166
3894 11032
17242 9590
17105 17349
12004 11136
16458 16455
2906 23351
23905 23906
17719 6811
27845 27841
24237 24236
25597 25560
6429 4860
20539 22723
26756 26751
12899 11808
20780 21623
7416 8190
27858 16147
17075 17182
23603 26615
24840 19466
15908 9756
16932 16315
11950 13357
6218 9264
16816 16814
21505 20342
11494 24188
16608 16376
18317 9366
6606 2026
11164 12978
6003 8557
3339 12979
7125 7465
9596 1947
19937 27103
21832 20974
20507 26810
15940 2074
6874 8005
11047 11202
21505 21222
2008 11345
10487 6291
11189 20447
11249 11049
16461 16455
21401 21402
20134 18957
12543 12544
17009 11076
27840 27837
12978 11718
15947 27839
26619 6291
3737 1747
9395 17182
7107 26614
26754 26752
1861 26844
27844 27843
21677 20524
3595 12545
19507 1947
11401 11155
26755 26753
11724 11808
23603 6166
14161 14370
27362 7954
732 2906
6787 27840
19826 15700
21832 21831
18620 3737
9590 16724
8503 2763
26935 11120
11942 2474
18414 7954
9416 7424
3562 11707
26617 26616
9392 20838
20766 20765
11147 27121
2632 14316
26618 26617
10781 11459
21058 22041
19826 27727
22174 21464
14078 2047
14078 12255
26269 20577
8397 16349
11241 11156
10871 6778
8108 8109
27858 27853
13062 14388
11433 24459
25452 25400
26845 11180
21503 21502
11180 11181
11713 11910
9924 8108
24282 20938
7703 9902
14161 15793
15947 27842
15966 12134
26751 26750
25631 25407
17246 20525
26974 26907
21504 21502
16818 16816
14300 11562
7954 6981
11909 11713
26754 17571
6291 6293
14078 12883
17939 17571
23352 16880
5388 16813
20489 11177
20502 20501
20600 16643
4140 11120
20525 20521
8962 7975
15795 15792
21058 21658
26753 22077
2680 11965
11273 4044
11433 20886
6606 8497
26618 7107
14923 27324
8192 8214
11041 11358
8643 8644
6956 8502
7790 1903
9395 27841
21422 21423
11930 12279
9395 6787
21076 7954
27843 27840
3129 693
27767 6769
16988 7954
21422 21809
7864 9414
16620 2948
16006 15966
24841 24840
14161 15796
11496 4187
7574 7854
10324 582
10273 11877
19253 11306
20366 20832
12728 12501
2176 19098
7243 20851
7803 20514
15966 16652
6981 20851
3566 6795
11167 11043
4129 11896
26616 26613
26619 26618
26818 17559
18649 17814
11180 6057
13545 13927
11307 20507
9756 27837
26620 26619
11493 9937
9811 12991
2906 23350
7692 26927
16147 27852
11180 20407
27316 6064
17479 25258
27838 27837
23603 26614
62 19130
20420 21495
21494 21495
27853 27852
23394 992
11860 7986
27858 27787
9756 16595
9395 27844
17503 17105
26496 8108
26753 26752
22568 27336
16817 16814
18317 19164
9556 7875
16803 1832
1151 11831
11749 11537
6784 7171
19937 27102
26499 8118
12546 3595
12893 16620
8674 23335
8190 7415
26821 17559
15797 15795
20764 20350
2629 5275
24493 15700
21276 10668
6917 6918
6166 26612
12501 13364
460 62
1007 460
2969 11652
23351 23350
16462 16455
3448 14246
16684 15973
6797 7877
5062 12454
23352 23351
11155 11156
26620 6291
11377 26810
27844 27842
26755 26752
16458 16457
21464 7992
27845 27843
15974 7862
27856 27852
23373 7954
26756 26753
11762 12135
67 11713
5612 8023
2331 2332
17719 23113
174 175
5388 17555
11177 27143
490 267
20446 20445
26752 17571
11494 24455
20766 20764
1516 19130
11189 20472
20472 21485
3566 6873
9416 16620
15793 15792
11861 12355
26751 22077
27686 11180
14315 15644
11047 11204
24326 24041
9340 16746
6291 16811
24459 18414
11366 11860
8327 16814
10487 6293
14075 3653
21057 20575
2271 6064
5062 13468
20766 17479
16461 16457
27840 27839
12635 14993
15947 27841
15947 6787
13765 11950
21161 21162
7107 26616
16350 7320
21395 27336
11571 15653
21504 21501
26496 26495
2074 26810
2680 13034
1759 6418
11307 267
6293 6662
1903 10224
21505 21502
12224 14082
6787 27842
8780 8779
4477 6784
5388 25214
13257 24438
26755 17571
2763 16567
20342 21222
8498 9596
26614 26613
4849 21451
15796 15792
267 4134
1947 11326
27992 23906
23113 6811
8192 8213
18791 19255
26495 9924
6956 8501
26872 233
4941 7016
2010 20134
21464 20372
19196 4378
7558 7559
27843 27839
15908 9414
17242 16724
21076 16620
16376 9290
16172 8557
27858 27855
18414 20886
14388 1572
19033 19174
16209 16208
13468 12454
27845 9756
8396 6793
5388 1526
14161 15795
24437 812
7064 23652
7692 17559
15947 27844
5961 10729
24842 24840
1204 14534
2004 11177
9756 15966
6549 6289
6873 6795
16006 7864
26907 26855
6765 7118
20764 21550
6828 8715
12031 2027
5220 3762
16273 16206
26620 26618
26832 11076
19826 18414
7351 23164
14028 14195
15795 15794
20363 21513
18129 965
18414 17084
3246 1496
6990 7442
62 19129
21057 16187
27317 2271
7692 26818
21241 5507
26618 6291
27021 11254
26841 27682
26830 27115
20382 20600
11855 11842
11401 11114
9395 27843
416 19104
27854 27852
26753 26751
12376 12367
11717 14388
27843 27842
27143 7954
12356 496
6827 7577
21550 25258
11494 24523
21323 21540
7574 8674
3273 11527
10161 21495
20408 6980
497 496
2021 16301
20764 22070
15797 15794
20937 27102
26822 17559
7243 20853
18195 22894
6981 20853
11041 11049
21494 21808
11327 11326
26616 26615
3207 15086
3894 7156
6549 1947
26613 6166
17242 16825
3448 14245
20350 20867
9756 27839
1759 9218
23352 23350
22456 9063
1151 7269
16685 15973
16458 16456
18129 19362
20644 20446
19328 13944
26756 26752
9663 9833
18712 11497
26686 26687
7073 23164
3246 416
27857 27852
26974 26830
5220 12638
7692 26821
21502 21501
24595 1471
20453 20447
26754 17939
7864 9756
16817 16816
27686 27682
26619 16811
23335 7854
25404 25259
13227 13228
1389 12034
19696 24003
12177 11837
9210 2406
15794 15792
20774 20775
7071 7351
16226 17106
12552 3762
17503 17349
22959 21315
9290 16371
2763 9414
6792 6776
16461 16456
16880 23350
1503 8213
16462 16457
1152 15832
22568 17084
15950 16919
12492 11861
26755 26754
20734 21475
17231 7864
21505 21501
12604 7986
27092 26933
6787 27841
27856 27854
24523 24188
26756 26755
20408 20407
9395 9756
9395 17075
12396 5184
6875 7690
27317 27316
6805 6957
20426 21623
20460 20453
27671 11306
27727 27336
26756 17571
9335 21495
7127 3566
9063 7975
6549 9596
16608 9290
8592 8591
15795 14370
27787 27853
21397 21688
522 523
24271 2523
16608 9411
2074 7875
20855 20852
12546 12545
12775 14211
6936 5854
8327 16816
6291 26612
7798 8213
27858 27854
27841 9636
24114 24653
20764 20440
11377 20507
11724 14315
16461 16459
8503 6955
22243 21047
18129 18128
9924 8109
2478 11877
15810 26935
21032 8591
6757 10025
17182 9394
11472 11476
15947 27843
25560 20689
27875 16315
27853 16147
21504 21503
20780 20426
12134 18621
8025 8498
9411 16376
5388 8242
17479 20764
12552 12638
16818 16817
16258 16220
8000 7129
9394 15914
3125 11845
6787 27844
9514 9414
17076 20761
1389 13159
11177 20575
25437 15980
25408 25227
8495 16726
15795 15793
62 1516
21494 20420
9416 9414
15796 15794
24459 20886
21322 15209
1475 716
26870 233
2599 11254
4493 4492
12501 12276
1429 11896
26927 26818
6990 17276
14736 10273
27844 9636
27241 27242
15940 6776
27843 27841
24235 24236
14641 2578
27858 27857
27856 16147
21395 15700
27021 27216
16825 16824
14161 15797
19253 11307
26617 16811
11762 12071
27666 27664
12011 12775
7379 17106
9636 27837
20761 20644
8195 1269
18615 18267
22519 21047
15810 4140
15908 15966
8487 9290
27846 27837
17349 17071
14994 14993
26832 2074
13227 14068
12510 24221
7064 7802
20734 21278
5220 12552
6980 26907
5388 9210
16459 16455
6828 17590
16941 16315
22077 17939
21423 21387
12356 11861
2004 21076
16460 16456
16942 27836
26269 21451
12356 12355
522 16119
4163 6920
8503 16567
9395 27845
26496 8109
20577 21451
14078 3042
15947 9756
19104 1496
26755 17939
26620 16811
20421 20422
1947 6289
11718 67
11862 11860
23990 4787
17231 16661
11339 6980
15797 15796
10206 17075
20382 16643
7769 19208
21746 20332
17175 17174
7790 7073
19253 27754
6936 9413
21278 21475
15793 14370
7875 26810
23652 7802
16462 16456
16825 3298
9756 27841
12034 11656
18402 8677
7129 21076
27845 27844
27856 27853
9218 9219
26756 26754
16209 7500
21311 21522
13198 12781
2906 844
27857 27854
27846 10025
14442 14195
11254 596
11832 14042
11865 22212
925 16210
12780 11602
26620 23603
14028 14442
9902 8553
21058 7992
27787 27852
26619 26612
15796 14370
7118 7465
24574 11226
14456 24665
26877 27379
18414 27336
12135 13131
16461 16458
3758 7875
2096 62
27842 9636
27021 596
16462 16459
7107 26617
11476 2356
18298 9081
11204 11202
26841 20407
16263 9833
23351 844
3042 2047
27854 16147
21505 21503
6787 27843
18414 16467
26403 26453
1503 8192
24257 24076
16811 26612
9340 27992
20350 20440
24343 24344
20512 20767
17655 4378
15796 15793
7200 7201
22101 20867
11544 13205
19660 24055
27787 27855
14255 11689
22456 7975
22235 22236
20342 21501
27845 9636
24283 11251
16457 16455
8327 16818
5219 11842
6291 26614
27858 27856
6792 17182
27844 9756
20661 20579
11694 12223
3653 2047
11823 11816
20939 20938
25452 25403
27727 17084
15787 1204
23352 2906
27857 16147
27686 6057
8495 8493
15829 24326
15947 27845
24842 24841
4955 9409
6828 16588
20762 17076
4129 9187
7798 8192
26618 16811
20764 25258
25616 25403
24591 2075
26495 8109
7864 16661
496 12355
12781 14534
5854 9413
2849 18444
13626 12002
2010 18957
11780 11687
21831 20974
20525 20524
26269 4849
11327 1947
18712 3273
7807 17559
15908 7864
26619 6166
11139 11137
16210 11320
27317 6064
16460 16455
27121 756
9514 17242
11379 18559
13064 11717
2267 925
76 18920
27854 27853
11713 13107
6824 8242
1429 728
2684 12095
26841 11180
7510 9063
26845 7803
12010 12512
6874 7690
14839 14838
18620 1747
8503 8501
20691 20690
26756 17939
174 13462
5153 14316
6787 9756
22456 7510
7269 11831
20937 27103
1204 12781
26750 17571
9400 9398
26617 26612
7424 7954
8901 3298
9185 2648
15794 14370
20408 11339
15829 24041
24236 24072
9756 27840
1759 9219
13033 2680
7394 7000
11172 26966
6792 7569
7247 7246
26453 9219
16156 16155
12035 11656
16685 16684
11147 756
27857 27853
16459 16457
11177 7954
21031 8591
2271 26935
19507 11179
27336 15700
23905 16746
8771 2648
13967 11722
8498 8497
6291 6662
7692 6792
9663 16263
7558 17823
25789 17559
26753 17571
6418 9219
26620 26612
9395 9394
6874 6875
2021 16305
15794 15793
11410 18791
20524 20521
13257 24785
2599 596
3295 7246
1503 8214
15914 6790
16462 16458
24073 19173
9395 9636
11476 2355
20726 21387
9395 27837
5153 2632
27842 9756
25997 11306
16187 20575
4140 26935
27856 27855
23352 844
25789 26818
23324 17778
27675 11076
20761 20446
19433 18925
27104 20937
11971 14612
27857 27856
8496 11042
27843 9756
17009 26812
11862 11852
6003 23488
23642 9020
12883 12255
18925 18905
4970 7777
17076 22228
11307 11306
79 62
20523 21040
20579 20712
13016 10160
2096 460
16432 20621
27787 27854
26619 26614
25997 20938
6291 23603
20501 20499
16156 16750
2430 15653
24455 24454
18578 11455
27669 1861
8327 16817
6291 26613
7798 8214
21323 20814
26877 27152
13062 11717
16461 16460
8503 6956
1152 12453
27841 27838
3117 10324
732 23350
21032 8592
13545 14659
11177 7129
16880 844
11949 12978
17479 20765
9394 6790
3207 13902
19253 11377
60 21092
26495 8108
6787 27845
25419 25418
7974 9063
27102 27103
12555 7432
19253 26810
20661 20712
15796 15795
3627 23590
15810 11120
19433 18905
26620 6166
7569 6776
27787 27857
15909 8883
7574 23335
17608 17486
11833 12757
11476 11473
27844 27838
12899 12179
20342 21503
11410 19255
21736 21737
20661 20725
20828 21476
5915 15712
17242 2763
7071 23164
27855 27852
16298 17452
20691 20689
2969 14105
11226 27103
25597 25414
24257 24068
14094 3614
20460 20447
7073 16156
17479 21550
20645 21890
2763 16825
17475 23651
20420 21808
19826 27336
17076 20644
9411 9290
7424 16620
26751 17571
16460 15950
5937 1191
26618 26612
27787 16147
21495 21808
9556 3758
21117 8881
8962 9063
13679 14230
26453 9218
11713 3562
2004 27143
25309 8192
12134 16652
12638 3762
7864 15966
16459 16456
14994 12635
22810 20335
4041 10486
17778 5887
15732 11926
15947 9636
16460 16457
16932 16941
15947 27837
7073 10224
9395 27846
925 11320
26754 26750
7798 1503
20780 20649
17939 26750
2181 11211
25330 8557
7500 7444
20418 20641
9414 15966
6418 9218
18483 18484
4172 13728
2074 6776
25577 25259
4134 14339
8487 16371
21057 20489
1747 639
27157 2271
491 14339
11861 497
26617 26614
6792 26927
21503 21222
24068 24076
7129 27143
9392 21559
21623 20649
19129 19130
16140 21690
22568 11257
6951 16110
1747 18552
7067 7016
9514 16825
20579 21287
16195 16000
26974 27121
11377 11307
20726 21422
9416 19822
20489 20575
8676 7854
14907 12979
27839 9636
21395 22568
27857 27855
24841 19466
16298 6828
24100 19697
20505 20412
22568 15700
13194 13193
11306 20938
8497 11042
7054 6794
8396 7692
11164 15750
12035 11550
26619 23603
6794 7020
11349 18621
13195 13194
16932 27875
26973 27664
7432 14446
21401 27315
18424 10781
7107 6778
24327 24326
26619 26613
3273 11497
20621 20600
5388 16137
21040 21041
7218 7059
26620 26614
20502 20499
490 11043
25613 25413
22228 3572
2356 11043
2517 380
18612 24055
16006 9414
27841 27837
6171 6172
20661 21287
11379 14991
3246 19104
16462 16460
27842 27838
6792 15940
79 460
11474 11472
27188 21800
21505 21504
16455 16456
27142 7954
21446 17778
26841 27210
25400 25403
17590 16588
7071 16155
789 75
21057 11177
11832 11831
11045 11043
1526 25214
26615 16811
7995 7994
6980 26855
1429 9187
27216 11294
11405 12639
27787 27856
11048 1110
26619 26616
27157 27316
19647 26453
11344 27711
27844 27837
20342 21502
27362 16988
26821 25789
27992 16746
16457 16456
27845 27838
6291 26615
11114 11155
21540 20814
20489 16187
16432 20600
171 8153
4878 16919
1759 26453
732 23352
7073 16155
11724 14174
26752 17939
17076 10206
11108 1110
14844 14843
8497 8496
22243 22519
26753 17939
7073 1903
20770 22306
21395 27727
2096 79
20938 27668
11762 13131
26754 22077
16620 9414
3117 12639
2004 27142
10161 21808
11571 2430
22077 26750
23905 9340
27143 21076
13014 11861
11862 10486
21076 9414
24346 2523
5435 12103
6291 6166
8674 7854
27844 27840
12554 12555
5075 4477
26755 26750
6787 9636
12822 17559
26953 20578
8501 7782
6787 27837
23987 267
27855 27854
26499 6758
8503 8502
26617 23603
27341 24637
8784 8780
965 19362
17182 26927
11527 11497
12899 14144
26974 756
9400 9399
21044 19767
26617 26613
9340 23906
7118 7125
7129 27142
732 16880
11257 11120
26618 26614
19253 20507
12081 11912
23642 19164
12011 14211
11583 2430
7424 11374
7500 16208
11056 2355
11147 26974
20579 21286
6792 26818
26957 8000
21068 20547
11377 11306
973 15788
9355 1496
3339 12282
16459 16458
7769 11120
21050 22340
27840 9636
3129 12063
19826 17084
2271 19208
6793 7692
16460 16459
24842 19466
23987 4134
4878 15950
9251 9409
27727 22568
20886 16467
27318 27324
24765 19074
19328 24432
26620 26613
3117 582
26613 16811
7442 17276
7424 9414
3653 3042
20446 17076
7692 25789
26872 26870
27104 19937
14339 7178
6824 17348
142 8796
20520 20524
11377 19145
13014 12492
3117 11405
3494 6962
18612 19660
25452 25616
20661 21286
23905 27992
3295 7247
9756 9414
11164 11718
27842 27837
2648 5041
11832 1151
3448 11626
27682 27210
12513 13643
9395 27838
5062 12723
8676 8674
27843 9636
16988 11177
9414 16825
9414 17499
27843 27837
18414 26855
7510 7974
19507 11327
20577 22203
16388 15992
27855 16147
14842 14843
11390 9270
6828 17452
17655 19196
26973 27666
26751 17939
20523 21041
26616 16811
8962 22456
27104 27102
26619 26615
5516 15651
16982 7439
26752 22077
11043 17654
26620 26616
149 15591
10161 20420
8324 8325
27845 27837
11860 10486
11243 11155
11832 7269
27841 27839
732 23351
11043 2355
20621 16643
27142 21076
21422 21387
27842 27840
2356 2355
2680 13627
11824 11816
14844 14842
16207 16208
16119 523
496 11861
11257 7769
5219 11855
27727 15700
8682 11137
8213 8214
14042 11831
20689 20690
5388 6824
20841 7992
6824 16137
24003 2242
3182 10324
13627 11774
16258 9469
26616 23603
26957 7129
21446 5887
22568 18414
12934 15831
21626 21624
14078 3653
15797 15792
8025 9596
26755 22077
21321 21662
16621 9414
16367 7017
26615 26612
19145 24281
15921 6787
26496 9924
21679 20323
15792 14370
23112 11280
20734 20855
20408 26841
1269 1180
17777 19166
7107 16811
9756 9636
26845 20514
16006 9756
9723 9724
16824 3298
11476 11474
8360 9414
27844 27839
21677 20520
22567 1924
5436 12103
4041 12627
5612 15712
27845 27840
6291 26617
20629 20630
12822 15788
26756 26750
27838 9636
27855 27853
11472 2356
24438 812
8784 8779
22040 22041
74 4515
26618 23603
8962 7510
1283 16897
5436 5435
16305 16301
16220 9469
20887 21311
732 844
19129 1516
24574 11294
17182 26818
26618 26613
16432 16643
21287 21286
20500 20498
11377 24281
15947 9395
4290 7867
973 13222
9725 9724
19647 6932
7994 7095
