28085 2519
7424 6979
19686 8766
19145 10248
26835 11307
19767 21522
18649 18648
9561 21522
24739 24737
11076 11120
26978 27161
12884 4169
26908 27362
7585 7017
27789 7863
15788 14339
5822 17619
8766 18929
17081 27767
5937 5936
12781 10205
2356 11473
3468 4330
1567 58
10161 22461
25148 25142
17401 23320
27048 26825
27046 27044
20375 23081
16806 17332
24428 24672
456 14526
6003 3298
21821 21820
6930 8118
9859 27879
27766 9290
22645 27042
18744 24038
22817 25348
11910 13107
9395 16749
26825 26788
17607 22197
27230 6277
27157 20702
11076 27204
26845 24142
21163 21447
11774 13627
19687 19682
26903 405
21327 21326
5975 5917
12897 11597
27091 27028
20529 20528
3344 3346
12704 11813
6875 8159
23320 23316
24741 24736
20382 20329
11129 27188
27037 27731
4878 17166
6695 2450
14456 24098
21563 20635
7466 6763
9066 10171
27769 9866
18737 23338
17264 26832
1790 14844
16239 7296
15601 27047
10871 6368
24071 24245
9859 16493
25403 25507
11406 27028
26969 26936
16100 7402
7703 8553
21494 10161
1903 23164
2343 18332
20689 25597
3273 7994
21562 9392
3215 3214
25232 21051
11056 3273
27944 27896
11762 15593
27163 26922
26825 27043
11374 24493
25935 21058
20761 17076
26845 26841
3269 26984
20686 20954
25503 25571
27864 16123
7118 7117
27850 6920
8109 16388
11401 11242
15924 17590
9395 16222
18414 6981
20529 17220
7604 7770
7185 9098
17768 26993
16819 16901
8669 7721
20764 20765
27772 27766
16895 16896
15921 11177
11718 11713
26586 26594
16661 17223
23337 23336
27772 9866
24003 24100
16721 16716
13944 24034
7402 17326
24282 27307
21585 20999
17479 7992
26898 6980
20702 26838
18976 18977
21163 21162
27945 27851
21243 22174
21950 7132
4970 9344
17087 7509
2244 6270
3314 26451
7704 4953
11823 12417
3566 7455
17553 27166
26936 1880
17264 2074
16021 25241
27048 27047
3896 19524
27879 27878
3041 17661
2632 380
4643 3737
23208 11455
21820 21818
12776 1164
16139 4709
19911 19497
20486 20631
11816 11824
6811 6784
2244 8498
24078 19160
6905 27765
3100 11717
19081 20997
2680 11774
23839 23838
21562 20856
4407 2305
26497 9924
10871 7107
65 1334
27771 27769
23322 23319
6875 7298
6270 6321
7766 8409
1529 20130
4491 13415
2356 803
27851 27877
23315 23316
21447 21405
15829 19283
16880 641
27772 27769
20867 20866
4860 6429
8557 17956
11405 9270
21311 7782
27188 26931
19208 7954
21058 21565
26604 26471
8592 21031
16748 26993
26603 15660
6905 16114
14582 11806
20734 22529
11056 11043
16149 2763
24237 10656
4140 5177
1462 19973
25571 25397
26773 27304
6558 6557
21044 21522
2176 68
10497 18929
21818 21819
24079 9401
27140 11147
6368 7107
20659 21079
26969 1880
21730 20314
11631 11624
10221 7510
11724 15644
382 3246
21156 21476
23990 23997
11494 24078
12647 9239
27945 9859
19910 19499
3129 11626
20511 26958
21032 21031
10162 1947
19684 19681
26602 21950
10162 7954
6301 6155
4286 4076
17190 21051
26835 11306
23981 24033
27765 9290
19685 19682
19253 27307
11167 17654
12178 12179
17254 7602
24739 24736
23318 23316
27767 27766
21646 16127
26887 8319
8160 6875
25503 25397
17479 21311
27767 9866
9860 27897
12262 12263
2944 19816
5937 5935
257 15916
24072 19173
12544 12543
12134 7275
51 2570
380 2517
21106 19767
17479 22070
17081 9866
26858 17044
17401 23319
26825 22645
27046 27043
7415 8190
19958 3049
2518 14316
10088 10089
17619 17656
7424 21076
27047 27044
25935 9606
27899 27898
18617 18484
7178 491
5436 12720
20578 11137
12776 74
11377 10162
19713 221
13193 13194
27767 9290
22977 27587
8962 10221
21585 21584
16687 23315
3125 67
22567 27014
19687 19681
2450 17950
15947 16222
16136 288
6747 15966
27903 10089
23320 23315
17264 26975
1718 2230
19683 18929
18824 20367
27114 17778
23321 23316
18737 23337
961 4210
15601 27046
26943 26941
3903 7136
11180 27682
2074 3298
11971 12985
5861 1770
4849 18162
7019 7017
16719 16715
11602 11052
17252 9859
1409 4341
12775 7648
11472 11473
21723 19208
23990 2105
17081 27769
6792 26832
23990 24736
4389 18298
16818 8327
6557 6555
27945 27896
2680 13033
25148 25144
8819 6784
16818 16814
20889 7992
11476 24396
21044 21106
6956 3298
1152 12655
16918 17166
7994 2356
11413 26936
8557 23115
21058 9606
20510 11378
6081 6072
4309 9270
21464 21405
16492 9860
7405 16226
14722 12164
4787 2105
15948 20993
19242 9355
9426 6795
16721 16715
19687 19684
22853 24979
19696 2242
7236 16246
1001 16142
20522 16433
8881 21117
20661 21732
24741 24738
23320 23318
7704 7720
21728 22511
6963 6962
16298 16388
27769 27768
11861 12141
11724 15699
12479 11925
16722 16715
21163 21161
27850 27878
27157 11147
10024 10025
20887 21522
5062 12495
12822 26822
20764 17479
2356 11056
11573 11630
27048 27046
27879 27877
1069 8181
7705 4953
27140 23373
15247 20635
5861 52
11602 7986
19715 2583
21009 20586
26975 26832
25099 25097
21311 8501
16129 17081
16209 16207
26926 4610
12380 12454
25671 25408
10205 15118
19973 1831
11476 24098
79 2230
9866 27766
13778 8822
27902 27901
13944 19328
6792 2074
6776 3298
1747 8710
10497 8766
4389 9081
64 4172
27045 26788
7427 1947
19973 1049
7427 7954
490 79
16031 17081
19958 21040
20323 7992
5075 6784
19682 19681
11862 11602
23322 23318
26198 24902
24080 24079
21563 20856
1171 6749
16988 16187
11405 4309
11213 11049
7291 4953
9185 8771
27772 27768
26943 9227
19958 20523
8220 806
26949 27731
23695 18208
1587 3896
7648 12774
23337 23338
16721 16718
22529 22527
17956 23115
27770 16031
11043 11167
19683 10497
9866 9290
24900 27587
9780 16277
11806 11949
1588 3896
26604 15660
12455 51
25861 21065
1747 4643
2355 11473
27044 27043
9063 7510
19253 26835
11413 11316
20764 21009
5936 5935
19546 19509
4941 7067
21562 15247
15544 26481
11052 756
27045 27043
22817 25042
6304 6303
10162 19208
25272 27472
491 973
7704 7291
9340 27358
5838 3800
19911 19499
24852 24033
19685 19681
1008 8109
1311 6081
6980 11137
14087 11875
18686 17990
20486 20898
25111 9066
52 1770
6905 27767
6787 16749
19686 19682
24101 11301
11861 13145
23318 23315
22177 22178
19681 18929
26898 11137
10221 9063
21941 21938
24780 11446
27901 10088
9264 953
8827 20694
6874 8159
23319 23316
20510 20702
2383 6156
23322 23321
9723 17453
19683 8766
27402 27379
11949 11164
12544 12542
20774 21422
17252 9518
26812 26790
27338 27394
27851 27879
20520 20868
27140 11316
27305 27711
17646 26941
16717 16715
14810 13415
22200 9078
24736 24737
12720 16187
27770 17081
20539 22723
13885 11759
20322 20659
3273 2355
25111 25294
27047 27043
27590 27587
22628 20486
992 7890
20940 20937
25414 25560
27590 22977
4169 11537
22292 17190
4041 14097
27307 21233
6218 9264
22977 27586
27314 1795
16816 16814
11345 24245
26949 27037
18422 14078
13944 17564
21276 7129
24663 19662
11164 12978
16029 16174
20733 17992
21028 21027
23289 25084
20754 7992
24672 24671
27851 16493
7796 12774
11494 24080
27897 10193
25089 24959
13060 11774
23321 23315
19684 19683
12076 13330
27851 17252
8190 7416
16222 9636
27864 16059
18546 17654
24673 24671
19685 19684
20698 7129
2008 11345
67 11845
10487 6291
11280 8557
3138 14687
18649 7574
24396 14456
11377 11378
24739 24738
14174 15644
6333 6081
17220 20528
8109 7320
16720 16715
20702 11076
7656 2648
10739 6368
27349 22761
3246 490
25139 24973
93 89
13944 5275
5822 17656
17141 27181
19696 24100
9663 16853
4848 6833
24034 19328
11139 25936
11833 12798
7656 9185
4187 18427
25148 25143
15965 17312
16819 8327
17401 23321
27046 27045
15965 23090
14161 14370
24428 24673
7994 2355
20586 20821
16819 16814
24901 25042
16828 22641
27047 27046
2944 282
3752 3753
8503 2763
16136 133
3104 3272
26989 26812
1049 1831
12134 11455
16492 9859
20864 20887
21563 21562
16825 20887
16687 23317
17479 21002
19687 19683
803 7144
17479 20364
16352 14961
4591 6106
4591 4794
27217 19706
16129 9290
11952 11950
23320 23317
64 690
803 11201
6874 7298
27877 6920
20602 10161
21040 5548
2355 803
27850 27877
11052 7986
23321 23318
1957 19861
27686 11181
8397 16349
24784 14154
22292 22853
15601 27048
10871 6778
27044 22645
19498 19910
23838 15965
26709 9594
11989 2684
1069 8180
11329 26846
673 26524
20856 20635
11056 11375
24901 22817
16421 17252
26602 15660
11147 11413
21675 20854
5933 5934
27045 22645
8431 23373
9924 8108
1476 3844
6757 10024
7574 18648
11180 11181
992 7703
22817 27554
25100 25097
12635 14994
26772 26773
13145 10486
7992 20887
27944 27897
11762 15594
9866 27765
26825 27044
2379 21818
25148 25146
7178 14339
16818 16816
67 1473
3129 29
6302 6303
24080 24078
8498 6178
19647 26403
19253 27001
20489 11177
11862 11637
21042 21040
16301 16302
933 540
16298 23058
6368 6778
17264 23705
20525 20521
21402 27210
8962 7975
10739 7107
15924 7275
6828 15924
10162 7769
23839 23090
22197 22196
1269 8195
27770 6905
11948 11947
16721 16717
6218 953
21939 21937
21495 21106
19681 8766
4778 18853
9924 1008
7839 7767
5847 1162
24741 24740
26822 26993
27771 16031
20979 20997
4134 3246
16722 16717
9395 6787
11930 12279
26471 15660
21058 20323
10340 17174
24034 17564
3265 8166
3827 6063
4163 8084
3876 21646
8180 8181
1782 11875
11862 9520
27772 16031
4491 221
16492 27896
19826 22567
21563 15247
27588 27586
21820 21819
16196 6785
17479 20694
26832 1795
26953 26931
11496 4187
2151 19563
7705 7291
4848 16157
2176 19098
6905 27766
27274 27288
19686 19681
3566 6795
21495 20602
16100 17326
21941 21937
17479 20586
744 26793
6905 9866
26818 17559
23319 23315
27772 16129
13545 13927
11494 14555
23322 23320
9859 27850
27903 17223
27902 10088
2176 4172
16538 7730
21942 21937
8156 6795
21106 21522
20602 21494
9310 7227
25088 24959
27879 16493
17479 22513
11420 8720
6270 6178
20372 22200
27772 27770
9003 5355
11717 13064
16721 16720
27590 27586
27771 17081
91 89
23090 17312
3445 5355
24899 21092
11494 1471
14315 11607
12527 11971
7574 8662
27402 26897
6905 9290
27314 1794
11860 7986
12757 12289
25146 25142
26496 8108
18824 13599
16817 16814
12545 3595
14028 14029
27046 26825
23839 23335
4165 12855
9556 7875
2763 6955
19910 576
6067 3653
11043 11375
25147 25143
8167 257
27140 11413
11578 8272
7424 27274
6333 6332
11494 24079
6784 7171
2230 490
27358 26947
19911 19910
12455 14030
19685 19683
2474 3595
21324 21325
18422 3653
21161 21447
2629 5275
21276 10668
24493 15700
15601 26851
4585 13571
19686 19684
23318 23317
15921 6790
3439 6806
16465 9514
21941 21940
23319 23318
27851 9860
20864 7992
3448 14246
6794 6331
12638 12551
24740 24737
5062 12454
723 1460
23322 17401
16129 27765
24784 24780
26496 1008
12527 12985
1090 1747
11899 14993
11076 21076
27047 27045
20505 26790
11391 5812
27590 27589
22194 22511
2331 2332
11420 24794
20940 20939
16031 27765
20580 21307
26480 10575
6980 20578
22977 27588
21821 2379
6267 6269
21276 21275
14087 5680
16687 23316
24901 20997
6277 27373
490 267
11537 13571
15699 14315
21298 21299
16129 16114
11189 20472
11227 11050
4774 70
21058 20414
12984 20412
11860 11637
22993 27159
7427 7769
20472 21485
27230 2004
23321 23317
27686 11180
19498 576
27878 6920
20698 21275
12224 12672
24326 24041
1947 19208
9629 6003
12521 12141
8327 16814
9066 25110
11960 11961
16139 7016
23838 17312
12081 11842
7971 7236
17276 23315
27217 27181
7500 9457
21057 20575
16719 16716
17252 9860
27048 26851
9561 20887
16720 16717
16610 23081
12635 14993
93 91
15947 6787
23424 23423
23990 24737
21161 21162
11040 67
7444 7282
17315 10186
12141 13145
21495 10161
26496 26495
27945 27897
25148 25145
8498 6321
16818 16815
16819 16816
21092 25241
12979 7986
2763 16567
15924 7863
23232 23229
20864 20889
21058 20754
11374 6979
4849 21451
16687 23319
26596 26595
20523 5548
3207 14370
19687 19685
5919 4591
69 2312
1947 11326
27771 6905
27770 27765
15924 22887
10221 7975
26495 9924
24741 24739
23320 23319
21940 21937
11076 11378
4323 7196
16722 16716
17679 15966
20854 20852
25143 25084
27850 27879
23321 23320
16365 12134
4941 7016
27772 6905
11573 11631
15811 24794
12775 7796
16149 16567
16114 9290
18414 20886
9524 16277
673 26526
25099 25098
20939 20937
16209 16208
13060 2680
27589 27586
4709 7016
26832 1794
25100 25099
7692 17559
455 267
25144 25142
1204 14534
2379 21820
12376 12377
456 2
21447 21464
20505 26989
20764 21550
10171 1283
2090 6755
27850 16493
11476 24665
5220 3762
3273 11043
25364 26843
5996 3903
2753 2754
26841 24142
17252 27897
6106 4794
12822 26993
27789 15924
19683 19682
20363 21513
21943 21937
1462 1831
26820 17559
5075 7171
6759 9230
26851 26788
16721 16719
11611 4041
24738 24737
7692 26818
1462 1049
21241 5507
15133 2475
23322 16687
1095 20997
16139 15810
12542 12543
26843 23936
11855 11842
11401 11114
21922 20659
21326 20634
11474 11476
26877 17778
24436 693
12376 12367
20937 20938
7166 9631
11717 14388
21495 21494
20322 21079
25147 25142
26497 8108
27047 26825
27045 27044
19911 576
12979 9520
21000 20999
21311 20483
7574 8674
13625 11995
20764 22070
7119 7721
592 733
8446 26395
11227 11203
6905 27768
11618 11619
15607 14241
19686 19683
18546 11043
11327 11326
21941 21939
27901 10089
1597 1456
13131 11989
26851 27043
11147 23373
20505 26812
23319 23317
9723 17454
20329 16643
24740 24736
12855 26957
972 3246
21942 21939
1090 19188
17252 10193
25418 17597
1151 7269
26289 10162
13060 13627
16717 16716
11749 12753
1782 5680
3346 992
13131 10160
576 19497
2363 5433
26497 1008
9663 9833
3314 26709
15588 9811
5062 12345
7073 23164
3273 2356
27590 27588
5076 22042
20940 20938
5220 12638
21106 10161
7994 11056
16493 6920
26833 26827
1311 6072
16816 16815
22194 21728
6798 7890
25146 25144
27048 26788
972 455
16817 16816
17401 16687
21562 17466
27686 27682
4709 15810
1389 12034
13927 14659
24079 24078
19696 24003
23230 23229
20132 24979
21327 17605
8108 16388
19958 21528
11780 3277
27944 17252
14637 4210
24673 24672
19385 5838
9392 17466
12893 11374
12552 3762
12454 12495
7253 7364
16388 16350
19427 19426
7320 16350
19816 282
12855 8000
11949 11950
24396 24665
10739 6778
8767 380
11861 14726
16720 16716
26471 7132
992 6798
17190 25232
1152 15832
26788 22645
7704 7537
9723 17277
18546 11167
24740 24739
17768 12822
16129 27767
5062 14262
6980 8000
6755 9230
16421 9859
19553 523
12781 15118
2245 10777
25097 25098
6148 5748
1700 6633
20816 10024
26497 26495
7703 4953
9859 9860
16819 16815
24697 27379
11823 11824
10497 19681
15672 19427
3927 11599
14193 15936
27163 27114
16239 27881
4169 11626
11762 4759
9063 7975
12855 7954
11147 11316
16687 23318
26596 26594
17496 5142
27079 16390
23373 11316
6333 6072
6763 7117
26989 26790
2004 27028
24080 14555
23112 17956
9754 7721
27771 27765
22234 8827
6833 16157
16350 15940
20854 20851
22023 25088
23321 23319
6589 10729
8498 7128
7640 8674
26877 7782
20855 20852
23042 16850
20979 19081
20398 8827
7017 3298
9409 4955
17276 23317
673 26525
2474 12545
16719 16718
19499 19497
491 15788
18446 25420
21675 20855
1065 7280
8503 6955
9924 8109
6757 10025
10193 27896
25100 25098
21106 21494
23990 24739
11579 14607
27042 27043
26825 27045
2379 21819
5674 9997
3129 3966
17088 17087
25148 25147
12552 12638
6798 7703
16818 16817
2517 4378
8000 7129
26526 26525
3125 11845
6787 6790
11476 14456
1389 13159
16819 16818
11177 20575
26851 22645
16748 12822
7179 15918
21042 21041
11377 19208
16344 7405
17252 27896
23232 23231
16748 26822
267 79
19683 19681
26508 26448
7119 8669
12984 11076
21939 21938
11129 26928
24738 24736
23317 23316
12501 12276
13091 1790
21940 21939
15133 2474
26451 26709
6211 6692
16722 16718
9859 27897
11497 3273
12985 14051
10340 17175
11476 11472
22292 21051
6774 1329
24901 20979
21327 20634
21451 20700
25417 17597
9780 9524
16492 27897
9997 6749
7689 8538
27588 27587
27314 26975
973 14339
2599 27711
11320 5194
23335 17312
3894 6805
634 91
12125 12123
11762 12071
26565 26563
20686 22042
9227 12177
27307 27731
15940 15914
2244 6321
12855 7129
26566 26564
26851 27042
15940 14193
24665 24098
12455 14185
9859 27851
27902 10089
18615 18267
9310 6734
15810 4140
21942 21938
22977 24900
1090 19187
17252 27899
2074 9494
12527 14066
12373 12696
27772 27771
21943 21939
26832 2074
14994 14993
25419 17597
19187 19188
16139 20530
21477 20828
6905 16031
7064 7802
20734 21278
5220 12552
24564 15133
11374 15700
7537 4953
5388 9210
21396 21397
21519 11525
1162 79
6828 17590
16718 16715
8570 7230
16816 8327
26774 2074
13444 11823
4064 6267
25575 25464
23289 25143
16010 20686
4585 4169
23112 23115
6755 6759
8901 7860
19275 3737
8503 16567
9859 10193
9453 5075
7767 8425
25146 25143
26496 8109
6787 11177
16817 16815
20577 21451
734 2419
26944 12177
12455 2570
7427 10162
25147 25144
8551 9409
27944 16492
21950 15660
24901 19081
21009 20821
7704 7703
6956 6003
6905 16129
11862 11860
23231 23229
27314 17264
4941 8768
23990 4787
27374 27343
20382 16643
27945 17252
11724 15803
19686 19685
23652 7802
24041 19283
24078 14555
11694 11759
9344 8793
455 3246
25936 27267
23705 14193
20520 20521
7424 27288
7689 7291
18402 1502
8570 6811
19958 21311
11780 3927
24740 24738
16129 27766
9754 8669
15594 15593
20764 21002
7705 7537
2615 12179
8498 6270
16129 9866
27307 27037
3876 16127
11899 14994
490 62
11201 7144
22072 2924
11076 26855
15672 19426
27401 1645
27878 27877
10160 2684
25364 23936
20553 20531
16031 27766
3927 11598
20398 22234
11832 14042
16031 9866
17223 27901
22977 27589
27217 17141
27401 27021
19275 4643
3273 11375
15699 11607
21964 8881
27157 20510
6956 7017
3594 7000
3594 16305
8109 16350
27945 27944
19659 1227
21058 7992
11599 11597
2363 10781
12417 13770
7689 8593
7291 7537
20767 20882
3566 8451
16597 15996
25935 20323
12635 11899
20523 20521
7118 7465
27305 27210
20698 21276
490 11042
20855 20851
19958 20483
8198 1947
26813 17559
17264 1794
26603 21950
21831 11483
26603 7132
19255 18791
26453 19647
690 2176
26774 9494
1947 7954
16031 9290
17276 23316
14456 24665
7559 7558
3070 3072
16719 16717
11949 11952
5076 20686
22761 27159
16720 16718
21311 20694
2230 62
4958 3468
12431 7796
690 756
15607 5062
23990 24738
11476 2356
11989 10160
18298 9081
16129 27769
7019 7585
20530 4709
5850 1627
27586 27587
26526 26524
20816 10026
18414 16467
11367 11201
16819 16817
12279 13152
8943 3590
16114 27767
23232 23230
26813 26818
7442 15918
5062 14241
7703 7291
22318 2924
25142 25143
27752 6277
10217 10216
27768 9290
3100 14388
19687 19686
15965 23335
27588 24900
11544 13205
3937 11772
27770 27766
23317 23315
21940 21938
26453 26403
17223 10089
9518 16635
27770 9866
25409 25464
11406 27091
20854 20853
9859 27896
17315 7697
11329 27402
12136 14370
27877 16493
5840 1567
11694 11693
262 650
20855 20854
22235 22236
20530 15810
4491 14810
1095 19081
6951 8688
5219 11842
8160 8159
17276 23319
11120 26855
15940 15936
12884 4585
21452 20700
9813 27263
19253 24282
20939 20938
4878 16918
25111 25110
25110 25294
27589 27587
1795 1794
11329 27379
27848 27847
21922 21079
25144 25143
11694 13885
16815 8327
7129 21275
23990 24741
21460 21728
936 19596
27770 9290
6811 7230
24071 11345
16815 16814
26596 26586
4378 19196
22023 24959
20761 10206
690 11052
12141 14726
2008 24245
27590 24900
21964 21117
14030 14185
26566 26563
25145 25143
26495 8109
26943 12177
12545 13620
12781 14534
13626 12002
15914 9889
17479 20887
11780 11687
27163 17778
17252 27898
11257 26958
20525 20524
26603 26602
11327 1947
21943 21938
16661 10088
2363 98
18791 11410
4165 7954
20577 4849
27255 26793
5220 12551
16918 16919
3566 8156
634 633
7282 9457
7890 8553
27682 11181
8108 7320
12376 12512
24780 14154
16722 16720
16817 8327
27772 17081
17088 7509
9859 27899
16186 16188
18208 11481
3522 1180
3207 12136
5936 6202
26497 8109
15969 15966
24901 1095
8593 8538
3212 3211
4878 9157
12543 15635
11280 17956
27945 16492
16136 2344
11816 12417
6273 6274
27847 16594
7705 7703
6081 6332
1587 1588
1204 12781
12134 15966
3927 3277
6905 27769
973 12656
19145 20937
7350 15998
9185 2648
26851 27044
992 8553
24079 14555
2090 6759
11921 11922
9556 5938
15829 24041
6406 3742
7500 16207
4412 19133
21942 21940
6062 1457
21943 21941
15601 27044
2004 27373
9859 6920
18621 12134
21888 26929
19498 19497
27911 7179
7338 8007
12225 11816
27046 26851
9453 7171
16718 16717
11177 7954
4064 6269
25935 20754
5962 1118
11930 13152
20689 25414
11930 12923
11474 2355
9227 17646
12270 12991
26898 20578
8771 2648
15594 4759
25146 25145
1719 650
25147 25146
7558 17823
25089 22023
27166 17066
10215 10216
6054 6053
15247 20908
6874 6875
20523 20520
1454 6129
17174 17175
20524 20521
5840 58
26594 26595
26604 21950
16372 17346
1816 11033
23838 23090
5996 7136
26604 7132
17559 26821
27768 27765
4491 4490
13091 13089
2008 24071
21938 21937
22761 22993
8593 7291
11692 11693
9395 9636
17166 16919
11476 2355
16129 27768
26944 17646
9227 26941
5919 6106
16139 4140
5674 1171
5919 4794
26497 26496
27048 27044
3212 19383
23988 267
4932 23314
21498 21499
16760 20967
16031 27768
6003 23488
21106 20602
12495 13571
262 1719
16114 9866
847 1097
10217 10215
6785 21016
10871 10739
18925 18905
27851 27897
11307 11306
79 62
17778 7782
4955 8551
10486 14726
20523 21040
16660 6857
16492 17252
26949 27307
27769 9290
18621 7275
6053 4707
19684 18929
356 455
17223 10088
16388 23058
17646 12177
27589 24900
27771 27766
23322 23316
16156 16750
18552 1747
27902 17223
11949 11833
11280 23115
26944 26941
3595 13620
20132 22853
11694 11692
27771 9866
20855 20853
27878 16493
10217 7604
17276 23318
11724 11607
27021 1645
60 61
16610 20375
20889 20887
26788 27043
26975 1794
1152 12453
6757 10026
21032 8592
27157 11076
12853 3995
13364 13479
7558 5236
24915 21441
74 1164
23320 16687
7975 7510
831 734
23990 24740
13545 14659
20511 11257
9 5092
8198 17467
382 5566
11949 12978
20774 21924
17479 20765
14315 11724
23112 8557
27771 9290
133 288
25418 25417
60 21092
25145 25142
26495 8108
11494 9401
142 6789
23838 23335
16661 27902
11831 11832
25419 25418
11329 26897
4709 4140
20323 9606
27772 9290
11377 1947
11377 7954
19687 18929
16416 3346
9340 26947
8556 8557
27230 27373
26604 26602
3813 2434
6811 8819
1730 5882
5674 6749
23322 17276
27770 27768
5935 1191
16421 27897
11100 21538
11661 11662
16722 16719
12696 12372
9859 27898
15660 7132
1496 19242
15601 26788
23652 7064
7971 16246
8827 17479
11476 11473
26289 4610
16715 16716
17401 23316
11860 15785
7455 6795
7656 8771
2245 24735
11602 12780
26495 1008
16174 6800
17276 23321
25089 25088
23988 23987
22887 17590
16123 16059
11597 3927
27146 596
27045 26851
27847 16593
17479 21550
19385 3800
12544 15635
6296 6027
6054 5856
27314 26832
27903 27901
27848 16594
26941 12177
12125 12124
26565 26564
27046 26788
3762 12550
25574 25408
26566 26565
5937 1191
3273 11455
26958 7692
16021 21092
2244 6178
9453 6784
17479 20889
7427 11377
2684 13131
8962 9063
7574 7640
2474 2475
26944 9227
24574 24102
13034 2680
26602 7132
21943 21940
11573 11624
15601 27043
25309 8192
19426 9937
27766 27765
1572 14388
19820 26866
11861 10486
19684 10497
4041 10486
16718 16716
21451 21450
20414 27195
27047 26851
16421 10193
15732 11926
13444 11824
15947 9636
21452 21451
4412 15353
17081 27766
17401 17276
27911 16195
26953 27188
6828 7275
2356 11472
27554 25348
26943 17646
7500 7444
25147 25145
8189 8191
27898 27897
5225 221
24428 24671
6758 8118
20940 19145
2941 18928
11378 27204
68 4172
12855 11177
18483 18484
16627 16956
23231 23230
20754 9606
11833 11834
21821 21819
9859 27878
2074 6776
21057 20489
11875 5680
1747 639
17607 22196
9756 15936
4163 16239
491 14339
17252 16635
52 6155
27769 27766
7769 1947
23172 405
388 448
7769 7954
17778 27304
19682 18929
2629 13944
19145 20939
22318 22072
11717 1572
11040 1473
26471 21950
5388 9875
17081 9290
7004 8007
6784 4477
17679 12134
14627 7435
20864 17479
19684 8766
3762 12638
27769 27765
7500 16209
7067 7016
19687 10497
20702 11378
3104 3103
20853 20852
17768 26822
3314 9594
20489 20575
27048 27043
14637 961
19498 19499
27360 24160
21348 20687
21065 22693
20689 25560
16031 27767
9520 7986
11991 13802
221 4490
26958 27005
20505 20412
12076 13766
16129 16031
27851 27896
1334 51
3894 6619
21233 27731
26524 26525
7107 6778
11599 11598
25575 25409
13034 13627
11413 23373
27898 10193
16344 16226
17768 16748
23322 23315
6054 4707
18789 23710
7623 9997
19685 18929
27896 9860
21040 21041
23590 9251
21246 21146
24784 11446
11476 803
1269 1476
16825 9561
26448 26507
17264 1795
16195 7179
19687 8766
21460 22194
27772 27765
16222 6787
6758 6930
17277 17454
20529 3196
6202 1730
13885 12198
17668 7253
27768 27767
24448 24449
26926 26289
16720 16719
25859 7016
12551 12552
13089 1790
27091 2004
7834 14560
7559 5236
23321 16687
1747 3737
11474 11472
2176 64
20629 20409
26841 20938
21775 21773
26508 26507
16661 27901
25419 25417
11406 2004
9606 7992
11493 11054
12123 12124
267 1162
27005 7692
26563 26564
27044 26788
21057 11177
11816 11823
6950 11291
20523 21042
15601 22645
26471 26602
8688 16030
380 4378
27770 27767
16421 27896
20868 20524
19958 5548
11048 1110
25638 8319
5842 5843
20472 22164
7604 10216
5936 1191
27771 27768
234 733
455 701
22070 20364
21233 27037
26944 26943
23336 23338
17668 7364
23839 15965
10026 10025
27362 16988
17401 23315
19682 10497
30 1576
11459 10781
17276 23320
21584 21000
21460 22511
11749 11931
23491 6772
27046 22645
4878 16919
14582 11949
27589 27588
8167 1001
18824 26802
455 2026
11473 11474
11724 14174
17076 10206
15980 25399
27848 16593
267 5847
23335 23090
5856 4707
15593 4759
1529 19962
20580 20749
7465 7117
25145 25144
27047 26788
19869 19870
27851 6920
2344 288
7073 1903
4970 8793
973 5901
17479 20888
16593 16594
5062 13571
26949 21233
29 3966
4290 18567
21040 21528
23695 11481
27770 16129
9591 6789
16661 10089
20322 21922
11497 7994
19682 8766
9420 8075
20132 22292
27048 22645
27767 27765
11129 26931
5062 12380
26451 9594
16421 27899
8160 6874
19685 10497
9066 1283
21452 21450
20851 20852
17081 27765
16722 16721
5845 5851
803 11473
7435 6963
5435 12103
7703 7537
5075 4477
2740 6515
6787 9636
25935 7992
17401 23318
8501 7782
27898 27896
23987 267
14627 6963
6828 22887
8538 7291
27899 27897
23208 12134
12373 12372
21821 21818
9859 27877
7705 7704
20700 21450
2599 27305
27198 24408
22292 25232
16825 21522
4585 11537
11597 11598
19145 20938
21044 19767
701 2026
12893 7424
27903 10088
27944 9860
27201 23816
7424 11374
12775 12774
7500 16208
11056 2355
19685 8766
3653 14078
21942 21941
26957 8000
18737 23336
24396 24098
20853 20851
6905 17081
21068 20547
1090 18552
23787 1359
21943 21942
20764 20364
15601 27045
21494 22461
20408 27676
576 19499
18483 18617
973 15788
12479 14702
9355 1496
4407 10051
20530 4140
10186 7697
15924 8715
9003 3445
3129 12063
27850 27851
14007 11531
19255 11410
13599 20367
11474 2356
17081 27768
5939 18662
17654 11042
973 12876
11550 11656
21422 21924
20510 11076
3103 3272
24080 9401
20886 16467
6072 6332
21022 21023
15940 9756
7703 7890
7839 8425
2090 9230
20841 20373
26908 16988
1095 20979
27899 10193
19686 18929
22645 27043
7227 6734
27001 26835
21162 21447
16029 6800
22513 21002
3566 9426
16305 7000
14702 11925
17277 17453
11831 1151
9204 7770
27851 27944
2632 8767
20520 20524
7986 11862
27768 27766
7320 16388
21562 20635
7692 26813
25671 25574
12103 12720
13444 11816
24741 24737
27769 27767
27768 9866
2648 5041
11832 1151
8156 9426
11497 11455
13546 11949
9401 14555
5062 12723
142 9591
12297 12298
5936 1730
26825 26851
12527 3455
20754 20323
1782 14087
27048 27045
21273 19347
76 834
12279 12923
11446 14154
1171 9997
16567 6955
16031 27769
13131 11827
6792 17264
12720 16988
26773 17778
20523 21041
12141 10486
7427 19208
11041 11044
12298 14082
7442 7179
16853 9833
27771 27767
7604 10215
23322 23317
27379 26897
27752 2004
1575 3800
11043 17654
4165 11177
27879 6920
11949 11834
11831 7269
15811 11420
10026 10024
6178 6321
9066 25294
8109 8108
23839 17312
27772 27767
7604 9204
676 66
16139 25859
21584 20999
26586 26595
11243 11155
11832 7269
7004 7338
21585 21000
26975 1795
7500 7282
433 689
27047 22645
3246 267
24900 27586
64 68
11852 11915
5847 79
16149 8503
2356 2355
2680 13627
12883 12017
20734 22527
19275 1747
4007 4008
13145 14726
2355 11472
27157 11378
16207 16208
6558 6555
5219 11855
17315 17316
17276 16687
7466 7117
16661 27903
11129 26953
14042 11831
19328 17564
27897 27896
3117 11650
6304 6302
12720 5435
19910 19497
6277 2004
26887 25638
7415 7416
2305 10051
24003 2242
26957 7129
7296 27881
3170 15045
19911 19498
20677 21246
21626 21624
7119 9754
1008 8108
11139 27267
26604 26603
16621 9414
27771 16129
2474 13620
20375 19080
26926 22718
15921 6787
26496 9924
23112 11280
27770 27769
16421 27898
6651 6652
17777 19166
21619 21477
27771 27770
803 11472
7435 6962
19686 10497
27328 22096
27851 27878
11203 11050
5436 12103
15601 26825
17401 23317
4041 12627
20629 20630
16365 15966
1476 8195
26603 26471
3100 1572
14627 6962
27899 27896
15247 20856
11114 11242
6053 5856
356 701
2344 133
4709 25859
17590 7275
4169 13571
1587 19524
8962 7510
27903 27902
22887 7275
5436 5435
24078 9401
3762 12551
1588 19524
26289 26846
11076 20412
20523 21528
2176 2549
8108 16350
27944 9859
15947 9395
257 1001
27851 16492
356 2026
7905 18916
4290 7867
22292 24979
973 13222
27945 9860
17453 17454
19684 19682
