28085 2879
7424 6979
16623 16624
20522 20521
16707 16703
2232 17617
26963 27671
16958 16959
3937 11742
24152 11169
22567 19706
27343 27174
5340 1624
22817 20375
16635 6920
3298 15318
24498 24494
1012 93
9606 20361
2074 11374
8498 6606
5843 10466
390 17573
10966 10961
5937 5936
27862 27860
12781 10205
3962 6968
21065 16432
20698 10668
6561 6294
10161 22461
11714 14503
17575 8947
22700 22836
10430 10428
13063 12291
11349 2067
16481 7742
16578 16571
20375 23081
8769 8767
6366 6463
2273 10428
24428 24672
24054 2245
10431 10429
17390 17388
5854 8768
16574 16573
8181 8718
11910 13107
10755 10754
17607 22197
8064 6592
25163 25162
28024 25800
597 623
6077 6072
21067 21065
11327 10162
3844 1476
26923 17682
4880 8158
2522 10472
6990 8519
8501 16657
16572 7199
21327 21326
12893 7426
24961 23571
18510 18708
2599 9937
5845 10911
6005 1744
12852 5524
7282 7500
22094 20680
21058 22040
12076 3762
14456 24098
21477 12984
2074 5887
27735 11265
7394 7003
16492 28036
17264 26832
16139 27360
6755 8773
16704 16701
6963 171
10719 6500
16707 16706
7986 14907
21888 6961
14068 13228
21278 20852
26835 1861
2648 7412
8449 6680
15699 4169
12071 12255
5845 6458
24498 24497
12985 4224
7167 3060
25072 19894
26958 20361
10433 10428
3844 1839
1903 23164
1476 18481
623 5962
5165 27115
5908 10684
21067 24991
11517 7424
2355 2356
3215 3214
25165 25162
10434 10429
22817 20728
23081 13864
27863 16159
10758 10755
6557 6556
3214 216
16577 16573
11318 21443
20761 17076
20452 17669
18179 17430
27319 11076
7118 7117
16481 7745
16578 16574
8564 16703
2522 6526
25166 25162
16198 16024
7357 6990
11401 11242
6788 9542
9395 16222
22043 20668
21622 22481
7167 16134
22021 25259
8180 8720
18414 6981
24078 24382
7185 9098
27182 20497
20489 20710
12984 21619
14174 4224
25364 13864
9739 9737
28023 28022
21243 21559
26586 26594
17430 10086
27207 17264
8360 16621
8165 9355
6606 8496
7003 7000
5932 2544
23323 11280
24500 24497
25800 28022
8498 2856
8961 28021
8649 1484
7109 7395
10047 12454
27735 20802
16491 7744
18976 18977
11474 11473
885 5845
2176 12668
17087 7509
4163 6771
3298 16155
11381 9066
20670 21494
17053 17166
17264 2074
17430 9425
4224 12528
16432 20382
2649 2648
3041 17661
21278 20855
11327 1861
6344 10724
3273 18578
11925 11875
18609 767
10433 10431
16573 16570
21562 22276
14365 14362
2004 27091
6185 5977
22154 27212
26923 27173
9518 28036
2086 13245
2004 11406
6606 5332
27334 10677
20856 20349
10086 9425
3566 7697
11602 4172
23286 25087
11861 11602
12873 11691
18781 8053
5388 8557
3522 2406
21562 20856
6031 7760
7994 14338
2230 728
6875 7298
9589 16059
11201 24100
11949 14051
12893 26837
20855 20856
16705 16702
7357 16648
16169 16170
2475 12545
14681 11691
24496 24494
6144 5134
16706 16703
18660 5934
11297 11128
6493 5962
16158 16160
19208 7954
1359 7416
1478 7782
47 6806
11320 909
21058 21565
25214 17311
16472 16621
20375 25364
6994 8315
17191 6774
3263 8166
10435 10431
13701 14681
27667 11329
8023 7144
6106 4591
2244 18660
16659 17386
11861 12868
10757 5908
6558 6557
15966 15967
17214 17087
16579 16576
25167 25164
9429 16959
6606 7128
16576 16570
6828 15988
10720 10721
10501 8053
12893 3666
21659 20928
21730 20314
26562 6331
10966 6432
9015 16452
6087 3
3298 17555
382 3246
8487 16970
15966 17171
10024 20816
14097 4041
27121 27119
27201 15628
885 6463
3838 3541
21009 18195
8166 3265
6614 6615
7692 9389
2245 11170
5388 9571
16570 7199
3448 18783
2013 15479
24157 3061
12178 12179
3273 4787
2312 728
1008 8195
2253 16134
67 6366
7017 16654
27654 26922
26887 8319
4284 12495
10550 10551
26846 26897
9412 16101
10430 5876
390 17572
19470 19469
7323 27957
5937 5935
7144 11367
6027 6237
26858 17044
7424 1478
22700 22835
26960 27120
15677 12822
27374 27174
3100 11517
2518 14316
16211 23229
16950 10471
7004 10425
27391 23816
20586 20819
10431 10428
573 27119
16388 7320
18617 18484
23816 20802
5852 1438
8720 1069
1069 8718
10432 10429
7071 7073
10963 10962
10623 10634
10435 10434
16575 16573
4527 6493
25422 25421
26835 7769
19706 27014
7197 20511
6184 1624
10756 10754
8649 3345
17799 11062
16262 7073
25164 25162
14367 14364
20762 20644
3125 67
16412 7426
28025 25800
19470 5194
16597 16596
17203 3345
6144 10712
6015 6397
2684 10160
7739 7738
16573 7199
24100 24101
11845 12639
6293 6527
10553 10552
21009 20642
7394 27827
2946 16023
10755 2544
16623 16626
27183 27182
16135 16134
16707 16705
10433 5876
16454 1478
10966 6376
9456 9457
10856 10854
21846 20698
18602 2997
20763 22837
11242 11155
11201 11117
4849 18162
7500 9456
11117 803
10434 5877
25421 17597
3566 2648
24498 24496
8961 8962
5847 267
6337 3541
18785 22222
21723 19208
11856 27156
10434 10428
20796 24941
10966 10963
9589 7892
8682 20365
6557 6555
3566 9185
14287 13571
26923 1950
16520 9393
490 20407
13063 12293
3560 14394
20459 20453
3215 216
4527 597
16578 16573
8564 16702
517 6366
25151 18882
20530 8319
11476 23987
6677 6098
11302 26983
8661 10484
16918 17166
5062 4404
6516 10839
8180 18024
16571 16570
6081 6072
18782 18783
9270 9810
6463 5845
26562 26560
1829 8180
6990 10206
18606 770
11583 11582
14363 14361
7073 7351
16432 18971
14722 12164
4787 2105
15948 20993
25365 13864
8688 6951
12291 13330
8649 7634
6295 6009
27085 11186
13602 12291
7739 7741
11265 23816
20734 20490
1291 11371
12479 11925
16703 16702
5062 481
8557 6769
8770 8719
16704 16703
79 267
1759 5962
8720 8718
2356 11056
4486 5388
27671 20938
15965 8901
3060 16133
11374 1478
8487 16472
7510 7975
8449 7994
11220 11219
24979 22292
28079 16567
1345 5577
10433 10430
12270 9842
5877 10433
8764 8765
14365 14361
10205 15118
20375 20979
7416 7415
5969 5857
20363 21908
25165 25164
10434 10431
16635 7275
13602 13063
4746 6344
10758 10757
14366 14362
7275 15963
16577 16575
26560 6331
1747 8710
17210 8531
11529 11128
8718 8770
26947 27156
8570 12727
8564 16705
25166 25164
21311 22442
7167 16136
21563 20856
21401 27210
12071 11861
20489 20712
16625 2629
12495 12454
19208 284
19208 1861
1020 15821
11862 4404
27329 22094
16158 27859
16706 16702
16217 16245
25214 25038
27173 17682
4880 9066
12081 14098
10430 2273
24500 24499
16159 16160
5014 7196
17311 25299
20511 2363
11043 2356
9414 3647
25073 25071
3653 18744
18785 17605
6754 6791
4878 15908
15965 16596
385 11531
20513 11076
11837 12955
20764 21009
20767 25859
4941 7067
25365 25364
10758 5908
20427 20835
16202 3298
11052 756
992 8947
16635 7386
19507 10248
7427 11327
10162 19208
6344 6525
5991 5992
16572 16571
6031 6028
19540 26906
5388 3298
12479 385
22292 20992
11656 18662
6184 5340
17669 20447
16573 16572
27326 27672
14365 14364
19428 1180
12855 11258
17349 1746
18195 20642
1008 8109
8767 6936
11363 26933
20778 20777
16571 7199
2253 16133
9417 16588
20377 202
16217 28020
11862 11834
24054 23356
1476 1839
19507 27114
4021 4163
10431 5876
10433 2273
12528 14669
21382 21012
11550 11869
16705 16704
8052 2474
1041 3344
12720 16187
17044 22442
20375 22212
12009 12010
18280 18483
9842 15810
22292 17190
10432 10428
10435 10433
16365 17171
20395 21259
11791 12955
10964 10962
26561 26367
5882 1730
6828 6829
16659 17388
11494 24188
20382 20651
11345 24245
8487 27288
14367 14363
8497 4707
16579 16578
25167 25166
11164 12978
27667 27402
16576 16572
23286 8226
610 18648
6003 8557
20904 20354
16519 9393
17864 18402
6806 21
17088 17214
3448 7144
16412 27288
22068 21479
27654 27212
5062 10047
27183 27181
16243 16520
10756 2544
21065 21066
2356 11497
9136 9137
11189 20447
27184 27182
1829 8719
20489 11076
1829 18024
6790 16349
10434 5876
11377 11378
21846 1894
12528 12565
7000 27827
23507 7649
6163 6164
11374 7782
27349 22761
25422 17597
93 89
15677 6961
17479 20904
20649 20491
11713 11714
10966 10962
19080 20979
17214 7509
9663 16853
21463 7992
11834 11860
11401 11155
11833 12798
5908 10754
10684 10754
15965 17312
21057 22536
1476 206
6561 6560
6251 6663
24428 24673
16521 9393
14511 25365
5876 10429
27202 2074
2312 69
9571 9572
20586 20821
10431 10430
17391 17385
20698 1894
573 27121
6555 6516
2648 8771
26562 26559
21278 20490
2475 3595
27860 16159
6562 6560
27326 24102
10385 23267
2496 27103
7955 23081
6606 1090
1198 17617
11602 11859
14364 14361
9416 7424
14367 14366
7426 7424
8182 8719
803 7144
270 4286
1516 18951
7767 7839
7905 4920
7739 7740
11952 11950
2004 27027
8649 17203
6874 7298
9813 27103
21058 22041
17088 17217
7703 9251
13063 13329
16704 16702
8397 16349
7705 9971
17680 27156
11497 11527
20472 20524
10656 24237
16136 2253
7769 1095
11329 26846
7424 11763
5968 5892
6504 6015
27722 27174
9924 8108
7574 18648
7634 992
7383 98
9325 16187
17179 8192
10434 10430
9416 16454
10966 10965
7427 1861
6558 6516
16099 9137
27863 16160
14511 23081
4224 14669
14366 14361
20425 20426
25616 25400
20418 20417
17479 20354
16578 16575
11807 14289
8564 16704
25166 25163
7464 7117
20095 23705
19540 10471
21401 22514
7167 16135
8901 16245
19647 26403
6324 6326
21673 1924
20680 26960
17264 23705
8962 7975
11529 24116
4387 6567
20382 20621
10162 7769
9739 9738
10839 6556
6194 10911
7790 16155
21446 17044
4878 15966
1269 8195
26963 11306
14178 11550
7955 13864
7574 15713
15965 16245
6606 8497
7892 16059
12822 6961
9924 1008
16523 16243
13602 12293
6344 2526
939 1909
10431 2273
5847 1162
27317 27115
7769 11378
8487 8360
16416 16791
17607 9755
19363 4929
28021 15010
142 7114
16491 7745
7386 15963
7790 1903
22023 22021
9395 6787
16245 28020
11529 11297
8180 8181
20898 22585
13968 11717
3060 16135
24494 24495
28022 15010
11367 803
9970 17496
20712 20710
9833 16853
15950 15949
16522 16520
26963 20938
18609 768
26559 26367
10433 10432
16573 16571
14365 14363
27673 27666
13602 11717
6426 1345
12479 11531
570 2549
14366 14364
13602 13968
20375 1095
10963 6432
3566 6795
18401 11211
26813 8319
11167 11043
18781 8054
8564 16707
7394 16001
11717 11366
24574 27326
2176 4172
12528 14174
4201 15829
23081 25365
21230 20834
7093 8726
16195 16489
10432 5876
10434 2273
7197 12984
25789 21888
1008 1476
79 1162
10757 5932
20576 20575
1321 10158
16158 27861
3169 82
16706 16704
25087 8226
28024 15010
885 6366
6013 3785
8451 3566
24124 14451
11117 18783
6184 6376
91 89
27391 15628
8487 7424
24468 24469
17311 17308
6880 12495
18971 20996
11374 11763
7574 8662
17058 7185
12495 3128
3448 11367
26835 10162
21494 21495
13070 12255
10964 10961
5935 5936
10781 18424
16659 17387
22212 20728
11179 10248
10965 10962
16480 7738
6875 10057
9429 16960
17389 17385
11164 12977
12545 3595
10501 8054
6067 3653
20401 12971
26560 26559
11578 8272
7434 7433
2230 490
7744 7738
11391 24252
27121 27120
11062 6406
11723 12976
11378 7954
16416 16591
10694 10705
11475 11041
22041 21003
1484 3345
21057 20487
328 22645
16243 16519
5388 9572
2474 3595
24493 15700
27184 27181
2176 11602
2253 16135
15921 6790
6680 7994
16465 9514
4222 11798
1529 1668
987 216
16111 16112
25126 25182
10709 10725
2074 6980
20586 17990
7264 7263
20679 20778
27028 27091
27201 27391
5062 12454
15910 15978
27202 17264
16491 7738
27156 24207
16416 9779
2355 11056
7140 1491
22154 24160
6493 597
16188 16187
11189 20459
14511 25364
5876 10428
11076 21076
573 27120
11391 5812
1095 1861
6562 6294
10693 10694
6178 4233
11322 11045
27029 27027
2997 2013
10432 10430
1069 18024
16567 6771
20452 20447
27402 1645
16983 27394
16575 16574
1502 909
7019 6920
13205 13206
25167 12480
6027 6251
27861 16159
10756 10755
5908 2544
5388 17555
14367 14365
25164 25163
12963 14432
11476 19074
1516 19130
5939 11656
7721 7722
16576 16574
11201 8023
11147 27120
5911 5932
2004 27026
7427 7769
11345 11042
1476 6490
14287 4169
944 7649
17088 17216
2245 2242
11146 20632
24941 25126
11265 15628
23112 23323
24298 2245
21326 21747
22195 22196
27724 24160
10856 10855
3129 13292
7185 8771
11045 2011
7864 10408
12081 11842
7500 9457
7692 20095
21057 20575
13090 13088
11056 2105
25038 17308
12551 12550
20600 20601
93 91
27863 27859
10966 10964
9589 6990
16567 16596
5908 10756
17573 5234
16579 16570
6538 6084
6899 17812
12010 14913
5234 17572
15948 15949
5939 12140
17391 17387
21969 18195
27029 2004
21562 21563
16643 20382
26562 26561
18607 767
22096 24917
23232 23229
2763 8839
16001 7000
24054 24735
14363 14362
4187 11496
21058 20754
2023 8720
6028 7760
10961 6432
11374 6979
6593 8063
20840 25635
762 25539
26908 27319
9414 16621
4152 6290
26596 26595
16988 16980
20764 21969
610 8674
11925 14702
20651 22852
27722 27343
11517 16454
20821 20819
21659 21658
21675 16678
9518 6920
16524 16243
27724 27654
10432 2273
14288 11950
67 10911
12237 14564
8770 8720
23324 11280
27319 16988
4941 7016
7230 16388
8720 8719
11952 14288
1069 15910
3060 16134
1095 19080
6747 6148
21619 20511
16971 16001
5929 5930
1069 8182
21562 2858
27201 27734
11721 13717
22441 21522
15597 2355
17191 6964
2023 8180
17990 7992
28023 15010
16453 20361
15950 15948
8721 8719
16522 16519
26908 16980
16195 27910
4527 1118
6337 6663
20754 21565
455 10884
16523 16520
12803 11691
21212 20802
18195 22626
6979 16454
10434 10432
9508 6331
16202 8557
27724 22154
14366 14363
9933 11578
12528 8719
16577 16576
13602 13329
15318 17555
21327 22222
16578 16577
8564 16706
25166 25165
27119 27120
10964 6432
7742 7738
18789 18790
2090 6755
8770 8180
9589 16648
3 10615
3263 3265
21969 20642
9589 16239
6384 6343
26819 17559
7073 3298
20375 20728
7412 8771
16538 7500
23081 25364
27182 27181
16388 7412
28024 28021
2074 26790
597 5962
18129 965
16158 27860
21366 21367
26820 17559
5932 10684
6759 9230
16597 16567
5053 8501
2383 6082
6606 4707
10758 5932
6937 8370
6194 5845
11117 18782
25474 25560
28025 15010
20466 21461
12781 13198
17210 1491
17311 25300
20511 5433
21888 18824
25789 6961
10961 6376
28079 16149
3666 7424
26562 9508
7179 27910
7264 7043
25073 25072
27724 27212
11475 11472
16186 16187
24652 18662
10965 10961
20436 20427
6790 17453
230 19099
16481 7738
11713 14503
26986 22645
10429 10428
6920 28036
10961 10963
6795 16750
7386 7275
7574 8674
25165 12480
18609 770
27859 16159
7745 7738
16579 7199
11856 26947
17164 16111
26832 7804
7986 12230
8063 6592
11476 11041
28023 25800
26395 8446
12977 12978
20733 9781
11875 12852
20726 21262
26835 11378
21562 20365
6659 6658
3129 14672
3207 15086
24940 24941
20679 20777
14339 2684
1861 7954
17179 8403
6007 8165
8764 8108
11117 7144
16133 16134
21446 21443
27114 11179
2363 7383
18129 19362
11327 1095
10964 6376
16188 16186
5877 5876
2363 5433
9663 9833
6344 6251
5062 12345
7073 23164
27263 2496
24574 27305
6384 4746
18280 18484
3078 10668
27029 27026
8487 7426
14339 10160
7394 16245
17311 17310
9066 8158
10501 18781
26837 5887
27030 27027
6027 3541
9416 7782
15963 6920
11837 11791
10964 10963
12873 14681
20453 20447
20372 20373
18660 18481
6557 6516
17063 16198
22194 21728
20670 22776
2232 1198
10757 5911
8721 1069
9015 7703
8498 8496
27001 27085
6875 8073
27862 16159
1516 19129
8153 8461
17389 17387
6106 6207
16576 16573
8682 20856
2074 21522
18414 11371
18414 27092
6003 7017
15921 16349
19696 24003
1790 12723
23230 23229
21461 9283
21327 17605
18602 15479
20466 9283
14361 14362
19024 22707
3448 11117
7744 7740
7721 7119
21387 21262
11201 3448
2475 2474
11056 4787
8773 9230
24073 18521
16243 16521
24673 24672
12893 11374
16538 16209
27184 27183
21327 21747
16388 16350
7320 16350
6528 2529
21723 284
27394 22154
11861 14726
1484 17203
1476 18660
16635 16492
1069 15978
27263 27103
13091 13088
28021 8962
14466 16198
20375 14511
7767 7886
16701 16702
12552 12550
6337 6237
17768 12822
13766 659
12492 11861
1008 8764
27734 20802
5908 10755
6755 9230
23313 7640
1744 3585
1635 26947
24574 27681
20734 21475
4053 11703
12781 15118
25789 18824
6254 6324
17575 992
27092 26933
7323 26540
16520 16519
20408 20407
17391 17386
2430 11582
22292 25151
27317 27316
21494 22776
16521 16520
2090 8773
12270 15810
27671 11306
7415 7411
27860 16160
13968 12291
6562 6561
4021 16567
27030 2004
5174 5175
15965 16567
2023 8719
10705 10706
18608 767
16187 16988
11762 4759
6555 10839
7351 6837
14364 14362
20780 20436
27681 27305
21276 21277
27153 21673
10962 6432
26596 26594
8182 8720
17496 5142
4279 6546
12893 5887
12963 4262
11718 3562
8064 8063
2004 27028
756 690
21397 21688
11371 6981
8008 8576
7426 27288
8498 7128
6589 10729
16136 16133
14175 14174
11602 14726
9416 11374
6793 23705
27029 11406
28024 8962
14302 2615
20855 20852
27115 27316
16245 7000
20768 25808
22222 17605
27402 27229
24979 25096
9574 7875
6936 5854
20398 8827
16222 17453
27911 16489
13968 13063
2474 12545
16971 27785
24499 24495
4527 623
21563 2858
18446 25420
26560 9508
8721 8718
3346 16791
22442 21522
25038 17310
9924 8109
6757 10025
4487 6148
20505 11326
12076 659
8182 8180
16523 16519
6280 5935
6990 16648
16524 16520
20780 20426
3129 3966
27024 19706
6874 10057
27654 24160
17088 17087
18414 1794
20855 10248
16579 16572
20490 20852
3876 24991
6516 6556
16578 16576
1645 27229
3125 11845
6787 6790
507 8570
6558 10839
12931 14211
12650 12651
10757 10684
7743 7738
26561 6331
10965 6432
7264 6800
19426 24221
4545 504
4021 6771
11721 12453
11377 19208
7465 7464
11605 11604
14665 14666
6558 10466
23232 23231
1118 623
16626 16624
481 12345
6833 16003
1635 27156
8683 16059
12293 11717
11762 4353
28025 28021
18609 18607
20796 17085
6366 10911
24159 24157
7003 27827
4591 6110
8649 992
5876 2273
7019 7275
7986 3680
10618 10911
22600 22852
13091 1790
7073 6837
1024 2951
15133 2474
16416 16792
9971 27135
11297 24116
16201 8501
11497 3273
10161 16678
11476 11472
6253 6316
12668 4172
23261 9020
1794 26933
10162 1861
10961 10962
10618 6458
16792 16791
16522 16521
11721 1152
10161 21494
25151 17190
8719 1069
11117 11367
14366 14365
24898 21067
7509 17216
7247 3295
26565 26563
21057 7954
20827 20818
20761 20644
7742 7740
26566 26564
12930 1152
8770 8182
24665 24098
20375 14049
3346 16591
8720 8181
11723 12987
27305 27397
6962 171
27319 16980
12527 14066
20761 20356
7121 16702
20495 22043
10754 2544
27654 22154
7019 7386
16707 16701
17349 17071
17391 16659
8721 8181
16158 27862
16706 16705
5845 10618
6426 1624
20734 21278
10965 6376
11717 13330
7634 3345
21396 21397
19826 27024
1069 2023
6795 17184
12668 11602
27030 27026
3666 7426
206 5934
5911 10684
6755 6759
3346 9779
7558 16388
13690 480
22441 20323
7767 8425
10965 10963
17389 17386
10758 5911
7955 25365
26540 27957
7427 10162
9970 5041
16481 7740
9518 7275
7744 7739
8771 14781
16988 11076
11862 11860
23231 23229
2517 6936
6184 6426
10694 10706
7178 23988
16217 16791
7745 7740
16707 7121
26561 26560
987 3214
19958 21154
27374 27343
7769 19208
11856 17680
7790 7073
16791 16245
26953 27020
7209 7207
10712 5134
1491 8531
7394 16149
18660 1496
9417 6828
21446 26837
11517 7782
20520 20521
18769 1668
19826 27014
7424 27288
16792 16591
6962 6963
18617 18280
14007 24170
27101 5842
1345 1624
21327 18785
11661 13918
16491 7739
24114 2355
26908 11076
28022 8961
7197 21619
14174 14669
8719 8718
20335 20336
21311 21522
11201 7144
7705 27135
7790 7351
6362 5892
11930 13526
27029 27028
16521 16519
20553 20531
27860 27859
10432 10431
12076 3966
3078 20698
16201 16657
20398 22234
27911 27910
5877 10429
16792 9779
6979 7782
9427 17556
9518 7386
19208 11378
7416 7411
8497 2230
27861 16160
27900 9098
2517 8768
20670 25258
10206 8519
8682 21087
23816 15628
16576 16575
16791 28020
26559 6331
770 767
12417 13770
16202 15318
11856 24207
20767 20882
7744 7742
20523 20521
7118 7465
7263 6800
8054 8053
28024 8961
5388 15318
11329 27664
8836 16198
26887 26813
9737 9738
6110 5891
27381 1950
5062 14287
9416 6979
27030 11406
28025 8962
18607 18606
14456 24665
12179 2615
9325 16511
21553 26787
13090 13089
24499 24494
6463 6194
12976 12987
6493 1118
7043 7263
21633 21940
26947 17680
24500 24495
10429 2273
27900 7185
11201 803
16591 9779
17768 15677
11265 27391
27863 27860
15913 17183
9970 5142
885 10911
12984 20511
9270 12495
71 18620
5848 6011
27201 11265
16524 16519
6474 6473
20780 20425
25072 25071
16579 16571
6376 6432
1790 13088
7071 16262
6254 6326
18414 11363
23324 23112
20365 20856
7611 7581
6087 10615
17391 17388
16823 25418
8557 17555
11517 11374
3207 5125
19080 14049
20553 20763
24282 19145
18607 768
10758 10684
23232 23230
13968 12293
16156 6795
6663 6237
21139 20600
27752 6277
8487 16412
15713 18648
27391 27734
18609 18606
7892 16239
7703 16452
15010 8962
11544 13205
2176 570
2230 690
12495 5062
1496 18481
12293 13329
3876 21067
6127 6054
17214 17216
11329 27402
17389 16659
2090 20802
16136 16135
27024 27014
1635 11856
27785 16001
6426 5340
6166 6167
26947 24207
3073 7129
10755 5932
3345 992
27913 16452
11189 20453
27201 27735
5919 5917
25073 19894
27028 27026
9813 27263
6787 16349
8721 8720
12140 18662
67 6194
20503 20407
21117 22781
14078 18422
13717 12930
20754 21566
10435 10429
8901 28020
16523 16521
20495 20668
25410 25442
10434 10433
8961 15010
6828 16588
27201 20802
16524 16522
12512 12010
6874 8073
16509 7991
26596 26586
17387 17385
18179 581
25167 25162
1095 22212
15910 27819
10911 6458
21566 21565
7742 7739
26566 26563
6127 6188
15965 28020
20408 490
6256 6604
2849 18444
8719 12565
20898 2074
20480 4301
7743 7740
6251 6525
21334 20397
11473 11041
11845 67
7121 16701
28024 28022
20553 22837
7394 16567
6837 16155
8721 8180
2363 98
18882 17190
7807 17559
12803 12873
20530 26911
17217 17216
28025 28023
6759 8773
11717 13329
7128 8496
7282 9457
25299 25300
9589 7357
2591 2621
6376 10963
26969 26966
11047 7383
11475 11473
13091 12723
2383 5975
11076 16980
17088 7509
24941 25182
9395 6790
8487 16621
76 18920
11019 10704
27101 5887
20382 22852
16635 9518
507 12727
7955 25364
22442 20323
16481 7739
11265 27734
5901 17621
7510 9063
15969 15966
21446 11318
18660 206
27735 23816
9520 13098
17390 17385
7574 23313
27859 16160
16574 16570
9625 9624
16481 16491
7745 7739
20904 11794
26561 26559
16971 16126
26820 26819
24473 24038
22536 20487
26922 27212
16186 11326
7230 7558
12134 15966
17053 16918
973 12656
6340 6528
21965 20491
1069 206
11656 12140
1730 6596
2090 6759
9556 5938
6207 5891
9417 15988
20796 17342
24597 15829
11363 27092
19134 1801
6106 6110
1502 11320
8764 8109
7394 7000
16243 9393
17087 17217
27028 11406
7121 16704
7247 7246
6680 14338
13088 13089
16156 16155
24497 24494
2004 27373
1476 5934
21475 21278
24597 4201
28023 8961
11041 11472
12071 13070
27911 7179
16491 17164
11578 1388
22041 22040
1730 5935
25800 8961
16202 17555
16492 6920
15908 17486
7424 16454
27030 27028
5877 10428
19507 11179
1747 17889
27861 27859
47 21
7634 17203
12134 16365
12270 12991
20489 22536
26895 25936
10684 2544
2517 8767
8498 8497
20293 22561
27894 16372
13236 806
16577 16570
27862 16160
19026 18612
11875 5524
17389 17388
3273 2105
21969 21009
6504 6397
6557 10839
20898 21099
6207 6110
20505 16186
6463 10911
16635 28036
7744 7741
16126 16001
8770 2023
6874 6875
20523 20520
7118 7464
7745 7742
18606 768
6344 6386
16243 16522
16625 16624
9414 8360
28025 8961
12528 12073
16491 16480
6493 623
22536 20575
142 17655
8192 8403
6980 6977
16960 16958
142 8795
18608 18606
20487 20575
13091 13089
24500 24494
19471 19469
6757 7350
12293 12291
2230 2312
11371 1924
12552 12551
17573 17572
6805 8558
2026 10884
5842 5887
20726 21387
18651 18652
7017 8557
16491 7741
18481 5934
1008 8765
16970 16226
9416 1478
20855 20490
4163 16567
12528 3455
11989 4309
21562 8682
26835 19208
10777 2245
17479 11794
7019 15963
5285 2563
4996 13126
17680 24207
11517 6979
5877 10431
12094 12095
6027 6663
16136 3060
18608 768
10757 10754
6785 21016
22023 23571
5085 2474
14364 14363
79 62
17778 7782
23232 16211
10486 14726
8836 14466
19471 5194
2074 23705
5062 2118
25219 25218
13701 11691
11301 24100
6340 6341
7168 7167
7740 7738
16574 7199
16432 20621
16453 16363
16139 24160
28036 7275
11363 1794
6127 2706
6776 11374
5968 6362
16156 16750
20375 13864
24400 19149
18602 2013
16136 16134
6184 5577
4387 7433
3595 13620
1668 3172
28022 28021
18578 11455
24574 27672
11201 11301
20751 20652
3298 6837
10435 5877
24298 24735
10756 5932
16472 8360
1484 992
24499 24496
13968 13329
2074 27101
20323 21522
3346 16792
25038 17311
1152 12453
74 1164
10435 10428
16643 22852
25800 15010
11473 11472
27863 27862
11374 16454
8662 18648
22962 19459
6280 5936
21311 20323
16524 16521
11127 1795
20375 7955
22761 9117
1008 1269
16579 16573
1790 13090
944 23507
10280 22195
17388 17385
2648 9185
17391 17390
16258 16257
16522 9393
7743 7739
22023 25259
11329 26897
16643 22600
25163 12480
27734 23816
18607 770
26845 17647
16577 7199
11327 19208
16389 11349
26835 1095
11377 7954
12495 10047
16416 3346
11474 11041
22040 21003
13060 12528
28036 7386
28025 28022
18609 18608
22292 25096
2723 10010
3927 11724
1903 7351
20426 20436
1012 89
6376 10962
16597 15965
98 11045
8718 8182
24898 24991
11661 11662
71 3071
11128 24116
11476 11473
9425 581
6366 6194
5085 8052
6340 2529
11378 1861
5911 10754
20459 20447
2245 24735
2435 6551
13701 12803
2629 16624
4041 13120
1648 21892
7178 5965
8682 21563
2997 15479
5062 4169
4527 1759
6774 6964
24078 11494
22600 20651
9625 9623
4508 1516
11517 9416
16575 16570
17475 23651
19826 27336
9626 9624
2232 1653
5340 1345
6254 10725
24038 2008
25166 12480
26565 26564
14367 14361
62 460
22023 24961
3762 12550
13637 25218
2271 10248
7742 7741
7043 6800
26566 26565
17430 581
20410 21470
8719 12073
3273 11455
9924 8764
27735 27391
19024 22079
26986 328
20489 20487
1502 11319
17087 17216
7412 14781
1118 1759
8962 9063
7574 7640
7121 16703
24574 24102
1759 623
20522 20520
11573 11624
16707 16702
6077 6081
5194 19469
13060 3455
8682 2858
16158 27863
10837 10838
1529 3172
24298 24054
23324 23323
12803 14681
11861 10486
10086 581
27047 27260
19826 19706
8220 24151
2244 1496
6207 4591
5916 4793
4486 2241
27911 16195
11925 5524
27862 27859
10965 10964
390 5234
8182 2023
8023 803
16481 7741
16578 16570
9508 26367
552 4743
3346 1041
19364 8025
1924 6981
18483 18484
17390 17387
10026 20816
23231 23230
5854 8767
16574 16572
2074 6776
7745 7741
6251 6337
21057 20489
8768 6936
18606 767
16625 16623
767 768
1747 639
23230 16211
11019 6253
11494 24382
17607 22196
27202 23705
16453 9606
7394 28079
15980 20119
22315 24282
6349 6350
7769 7954
8180 206
24159 3061
756 206
24068 24076
8425 7886
14627 7435
8901 16217
19129 19130
10552 10551
6253 10704
7500 16209
7067 7016
16491 7740
11602 10486
2937 2023
28022 8962
26974 27121
6005 3585
10455 10703
27381 17682
24497 24496
9414 7289
22079 22707
20489 20575
17607 10280
3448 11251
15965 16217
8719 18024
14068 13227
7877 7500
27360 24160
6362 5893
11406 27027
20505 20412
8459 21367
992 5041
11354 15353
5877 10430
11306 20938
9270 4284
26562 26367
20952 20951
26992 1928
12073 12565
7634 1484
20395 20396
2526 10724
2517 8769
17799 6406
26502 26501
206 690
10758 10754
17164 7738
16577 16572
19074 23987
11049 11046
13228 13227
24160 26922
12259 12282
770 768
7275 6920
27001 22514
6787 17453
10755 10684
5839 6094
7741 7738
16575 7199
7167 16133
7744 7743
8180 8719
5388 16137
18824 12822
16111 7738
21246 21146
3346 3344
20523 20522
10757 2544
1269 1476
1069 8770
11517 1478
3298 8557
15699 13571
22315 19145
16625 16626
16195 7179
3876 17430
16576 7199
19426 15672
16222 6787
2074 22585
12291 11717
10435 5876
7185 7412
27735 27734
28023 28021
11327 7769
20529 3196
8682 21101
20802 15628
13885 12198
4591 5891
20856 20852
25800 28021
6171 6172
24500 24496
3566 10186
4041 11611
16001 16245
13063 11717
27863 27861
7834 14560
27685 2599
11041 11176
79 460
26561 9508
16491 7743
11474 11472
8449 14338
21057 27150
7500 17609
1790 13089
7790 3298
16426 18199
22292 18882
7839 7886
6979 1478
21775 21773
17391 17389
11377 1861
27026 27027
8073 7298
885 6194
17164 16480
16523 9393
6555 6556
7975 9063
267 1162
16489 27910
25164 12480
26563 26564
18608 770
21057 11177
8683 16239
10757 10756
16578 7199
17063 16024
16432 20996
27402 27664
26921 17677
16492 7275
6237 6251
2356 11527
5908 5932
11544 13206
8557 15318
10709 6254
12930 12453
7185 2648
67 885
27207 7804
27391 20802
2090 21212
17214 17217
17203 992
11047 98
11128 24115
27381 27173
16760 17275
9518 16492
5877 2273
67 5845
16705 16701
16463 24078
7435 171
16222 6790
2629 16623
24499 24498
27028 27027
21446 12893
16158 16159
5479 6851
27735 15628
25214 17310
4592 10814
7424 7782
20482 21139
5062 23272
7073 16155
10435 10430
17058 7412
14627 171
16523 16522
455 2026
9626 9623
98 11322
6344 6368
1746 17071
16659 17385
16524 16523
27153 1924
1730 6280
21422 4849
6558 6556
17387 17386
5911 2544
10756 5911
16579 16575
9429 16958
25167 25163
8497 8496
7465 7117
11048 11043
7073 1903
17388 17387
7350 10025
25258 21494
27667 27664
7743 7741
26957 3073
20762 20761
16492 7386
22442 22441
27183 20497
16705 7121
5062 13571
4290 18567
28024 28023
14175 4224
8180 1069
20855 2271
28025 28024
12512 14913
3448 18782
16983 22154
16591 16791
7298 8005
806 24195
5854 2517
12492 12868
1012 91
16454 7782
7817 7703
11475 11474
6184 1345
7435 6963
16481 7744
11476 11475
16388 15914
22235 20519
4375 9355
15969 15967
20764 18195
2629 16626
14627 6963
19208 1095
4527 5962
9589 8683
22212 19080
26560 26367
7434 6567
17390 17386
27785 16126
18617 18483
16574 16571
6331 26367
7769 1861
24523 15638
965 19362
67 6463
17607 22195
16575 16572
7877 17609
11265 20802
8769 6936
23231 16211
8487 16226
2858 20856
3762 12552
16239 7991
4746 6386
4793 6318
26595 26594
12893 7424
7742 7743
27091 27026
12081 11912
9414 16472
12134 17171
10552 10550
12011 14211
11583 2430
26928 22718
7427 26835
27201 23816
2241 5388
7424 11374
2608 77
14432 4262
10553 10551
4375 1496
1118 5962
10435 2273
8718 2023
10162 1095
24102 27672
21965 20649
8497 7128
24497 24495
16135 16133
12527 12528
9933 1388
16707 16704
11381 8158
11391 4187
21494 22461
8683 7892
28023 8962
11455 11527
12479 14702
8487 9414
9355 1496
11406 27026
1730 5936
10186 7697
20365 21563
25800 8962
24498 24495
7692 23705
21888 12822
8459 21366
26559 9508
20510 20489
27030 27029
9813 2496
6793 7692
27861 27860
27329 20680
11721 12930
11807 11950
20796 24940
5939 18662
6560 6294
12179 14302
8771 2649
27862 27861
16567 16149
16577 16571
8768 8767
610 15713
20510 11076
10430 10429
16481 7743
16578 16572
8564 16701
8769 8768
20764 20642
6593 6592
21101 21087
8180 8718
7839 8425
16239 16059
2090 9230
26908 16988
17390 17389
10756 10684
5854 8769
3129 12076
7452 8573
7745 7743
8181 8719
7167 2253
16620 6747
8064 6593
7412 16350
11377 7769
4375 18604
3448 803
10758 2544
21067 21066
18179 10086
20365 2858
20425 20436
597 1118
25258 22776
16960 16959
18608 18607
17768 6961
6027 6337
3117 11405
12291 13329
26974 27002
13091 13090
1090 1810
19471 19470
27207 26832
10854 10855
16202 5388
7438 21075
16305 3594
22340 21051
16703 16701
3215 987
16491 7742
22835 22836
25219 13637
7386 6920
12527 3455
8564 7121
15980 19460
18179 9425
1635 17680
16489 7179
25071 19894
17217 7509
9136 16099
16388 15992
3060 2253
24160 27212
10433 10429
27734 15628
5877 10432
12720 16988
10757 10755
16524 9393
16480 16111
17385 17386
25165 25163
18481 1747
10725 6521
4746 6343
10758 10756
7790 6837
18481 206
15988 16588
7427 19208
16577 16574
2231 420
11301 24101
18824 6961
12224 11652
21288 21289
20734 20852
16242 15915
21311 22441
5932 10754
27181 20497
7741 7740
22154 26922
2074 5842
7744 7745
27374 27722
27752 2004
4387 7434
12324 1280
10026 10024
26906 10471
8109 8108
17264 7804
3129 3762
597 1759
16706 16701
1950 17682
26586 26595
17390 16659
24499 24497
6493 1759
24500 24498
13701 12873
1076 4996
16491 16111
20711 20472
1635 24207
1829 1069
5847 79
6236 4204
27114 10248
9395 17453
26835 11327
6558 6555
16579 16574
25789 12822
1291 1924
7114 17655
10280 22196
12068 12069
17388 17386
27724 26922
24898 3876
13766 12076
26501 26735
16572 16570
9623 9624
6277 2004
24637 26960
7433 6567
16643 20651
26957 7129
21446 5887
7510 16055
992 9970
27184 20497
16706 7121
1008 8108
734 2621
16511 16187
26502 26735
20489 7954
11177 27150
20375 19080
8181 1069
27173 1950
15921 6787
7427 1095
23112 11280
14511 13864
20734 20855
22475 21462
8827 22234
17467 27751
20680 27120
3762 3966
6366 5845
27047 27294
12931 12011
27913 9015
20367 13599
27913 7703
2074 6977
14289 11950
7435 6962
24252 5812
6106 5891
12141 13728
9660 6141
11201 24101
27260 27294
11476 11474
6525 6368
16705 16703
8901 16791
6887 7129
5911 10755
5908 5911
16365 15966
10487 3002
1476 8195
24496 24495
16509 16239
14627 6962
21058 21566
18414 26933
20375 25365
74 4515
11054 11493
4169 13571
10435 10432
14511 7955
15965 16791
27381 26923
27092 1794
8962 7510
16575 16571
11861 12604
14768 20857
9626 9625
20382 22600
16791 9779
14367 14362
7059 7218
16412 7424
3762 12551
14046 14047
16579 16577
21658 20928
7574 610
25167 25165
11147 2271
11201 11367
16576 16571
2176 2549
16413 16364
21446 22442
4290 7867
2937 1069
6966 16453
12480 25162
10553 10550
